0 -113.28
1 -101.44
2 95.76
3 -123.56
4 -106.96
5 -138.641
6 94.72
7 97.8
8 97.16
9 99.04
10 83.36
11 95.6
12 92.2
13 89.08
14 -102.84
15 -103.08
16 90.48
17 83.84
18 85.88
19 94.12
20 98.52
21 99.68
22 97.72
23 -162.521
24 99.6
25 95.04
26 95.64
27 93.84
28 91.24
29 93
30 99.68
31 -103.04
32 99.04
33 98.6
34 90.88
35 97.12
36 98.8
37 84.72
38 89.88
39 89.84
40 99.16
41 92
42 95.56
43 98.96
44 97.4
45 97.72
46 88.24
47 97.72
48 94.96
49 97.28
50 95.56
51 98.88
52 98.32
53 98.8
54 99.28
55 99.52
56 99.4
57 99.36
58 98.16
59 99.24
60 99.8
61 99.8
62 99.76
63 99.6
64 98.04
65 99.8
66 96.68
67 99.76
68 99.52
69 99.64
70 99.76
71 99.68
72 99.04
73 95.88
74 99.6
75 99.76
76 99.64
77 99.24
78 98.32
79 99.56
80 98.28
81 99.68
82 97.68
83 99.56
84 99
85 99.48
86 98.8
87 99
88 97.88
89 99.48
90 99.56
91 99.52
92 99.64
93 98.76
94 99.32
95 99.68
96 99.48
97 98.88
98 97.8
99 99.72
100 99.84
101 99.8
102 97.72
103 99.48
104 99.84
105 98.92
106 99.24
107 99.4
108 99.84
109 99.84
110 99.76
111 99.64
112 99.84
113 99.56
114 99.8
115 99.64
116 99.72
117 99.84
118 99.68
119 99.8
120 98.68
121 99.84
122 99.8
123 99.44
124 99.84
125 99.04
126 99.84
127 99.76
128 99.8
129 99.68
130 99.76
131 99.8
132 99.48
133 99.8
134 99.8
135 99.6
136 99.8
137 99.8
138 99.76
139 99.76
140 99.84
141 99.72
142 99.8
143 99.16
144 99.76
145 98.6
146 99.68
147 99.8
148 99.76
149 99.84
150 99.76
151 99.76
152 99.76
153 99.8
154 99.72
155 99.84
156 99.28
157 -100.72
158 99.76
159 99.84
160 99.72
161 99.8
162 99.8
163 99.84
164 99.6
165 99.72
166 99.76
167 99.76
168 99.12
169 99.84
170 99.8
171 99.64
172 99.6
173 99.76
174 99.72
175 99.84
176 99.8
177 99.68
178 99.56
179 99.72
180 99.8
181 99.4
182 99.8
183 99.84
184 99.36
185 99.72
186 98.96
187 99.84
188 99.76
189 99.8
190 99.76
191 99.84
192 99.8
193 99.84
194 99.84
195 -100.68
196 99.8
197 99.72
198 99.8
199 99.8
200 99.76
201 99.52
202 99.8
203 99.64
204 99.84
205 99.84
206 99.84
207 99.68
208 99.76
209 99.76
210 99.8
211 99.76
212 99.84
213 98.44
214 99.8
215 99.8
216 99.08
217 99.8
218 97.8
219 98.96
220 99.68
221 99.52
222 99.36
223 99.84
224 99.84
225 99.76
226 99.84
227 99.6
228 99.2
229 -100.44
230 99.84
231 99.84
232 99.76
233 99.8
234 99.36
235 99.76
236 99.8
237 99.72
238 99.72
239 99.76
240 99.84
241 99.84
242 99.64
243 98.84
244 99.36
245 99.8
246 99.84
247 99.68
248 99.72
249 99.6
250 99.72
251 99.68
252 99.64
253 99.84
254 99.8
255 99.84
256 -100.24
257 99.72
258 99.84
259 99.76
260 99.8
261 99.84
262 99.4
263 99.72
264 99.72
265 99.76
266 99.68
267 99.76
268 99.72
269 99.8
270 99.76
271 99.8
272 99.8
273 99.84
274 99.56
275 99.76
276 99.84
277 99.8
278 99.84
279 99.8
280 99.76
281 99.84
282 99.56
283 99.84
284 99.76
285 99.8
286 99.8
287 99.72
288 99.72
289 99.8
290 99.8
291 99.8
292 99.84
293 99.84
294 99.68
295 99.84
296 99.72
297 99.84
298 99.72
299 99.8
300 99.84
301 99.76
302 99.72
303 99.8
304 99.84
305 99.8
306 99.8
307 99.68
308 99.72
309 99.8
310 99.8
311 99.84
312 99.84
313 99.76
314 99.84
315 -100.28
316 99.72
317 99.56
318 99.84
319 99.84
320 99.8
321 99.8
322 99.64
323 99.84
324 99.72
325 99.68
326 99.84
327 99.64
328 99.84
329 99.76
330 99.84
331 99.8
332 99.68
333 99.68
334 99.76
335 99.8
336 99.68
337 99.68
338 -100.36
339 99.84
340 99.6
341 99.8
342 99.72
343 99.68
344 99.72
345 99.84
346 99.84
347 99.64
348 99.72
349 99.68
350 99.84
351 99.76
352 99.72
353 99.8
354 99.64
355 99.68
356 99.84
357 99.84
358 99.72
359 99.76
360 99.84
361 99.72
362 99.72
363 99.52
364 99.8
365 99.84
366 99.76
367 99.72
368 99.72
369 99.84
370 99.72
371 99.68
372 99.84
373 99.84
374 -100.32
375 99.84
376 99.84
377 99.48
378 99.84
379 99.64
380 99.76
381 99.76
382 99.6
383 99.84
384 99.56
385 99.76
386 99.72
387 99.64
388 99.84
389 99.72
390 99.72
391 99.6
392 99.84
393 99.64
394 99.84
395 99.76
396 99.8
397 99.84
398 99.84
399 99.84
400 99.76
401 99.72
402 99.6
403 99.84
404 99.8
405 -100.52
406 99.64
407 99.84
408 99.84
409 99.6
410 99.68
411 99.76
412 99.72
413 99.8
414 99.64
415 99.76
416 99.84
417 99.84
418 99.76
419 99.76
420 99.6
421 99.84
422 99.76
423 99.64
424 99.72
425 99.8
426 99.8
427 99.8
428 99.76
429 99.84
430 99.72
431 99.8
432 99.76
433 99.76
434 99.84
435 99.72
436 99.84
437 99.84
438 99.84
439 99.84
440 99.68
441 99.8
442 99.84
443 99.76
444 99.84
445 99.64
446 99.8
447 99.84
448 99.76
449 99.8
450 99.84
451 99.72
452 99.8
453 99.72
454 99.84
455 99.8
456 99.68
457 99.76
458 99.76
459 99.72
460 99.8
461 99.84
462 99.68
463 99.64
464 99.84
465 99.8
466 99.84
467 99.76
468 99.76
469 99.76
470 99.56
471 99.8
472 99.76
473 99.68
474 99.72
475 99.76
476 99.72
477 99.72
478 99.84
479 99.8
480 99.84
481 99.84
482 99.84
483 99.84
484 99.84
485 99.76
486 99.8
487 99.68
488 99.8
489 99.76
490 99.8
491 99.84
492 99.76
493 99.8
494 99.6
495 99.84
496 99.4
497 99.8
498 99.76
499 99.76
500 99.8
501 99.8
502 99.84
503 99.8
504 99.8
505 99.8
506 99.68
507 99.8
508 99.76
509 99.64
510 99.8
511 99.72
512 99.84
513 99.8
514 99.72
515 99.6
516 99.8
517 99.76
518 99.76
519 99.8
520 99.72
521 99.44
522 99.72
523 99.84
524 99.84
525 99.76
526 99.72
527 99.68
528 99.76
529 99.8
530 99.64
531 99.68
532 99.84
533 99.8
534 99.8
535 99.84
536 99.72
537 99.76
538 99.84
539 99.84
540 99.8
541 99.72
542 99.84
543 -100.2
544 99.8
545 99.72
546 99.68
547 99.8
548 99.8
549 99.84
550 99.72
551 99.56
552 99.56
553 99.84
554 99.76
555 99.72
556 99.68
557 99.68
558 99.72
559 99.64
560 99.72
561 99.76
562 99.64
563 99.84
564 99.84
565 99.8
566 99.8
567 99.48
568 99.76
569 99.8
570 -100.2
571 99.68
572 99.84
573 99.56
574 99.8
575 99.84
576 99.84
577 99.8
578 99.84
579 99.84
580 99.8
581 99.84
582 99.84
583 99.8
584 99.68
585 99.48
586 99.8
587 99.8
588 99.6
589 99.84
590 99.8
591 99.84
592 99.4
593 99.76
594 99.72
595 99.56
596 99.24
597 99.44
598 98.8
599 99.84
600 99.56
601 99.76
602 99.56
603 99.56
604 99.56
605 99.68
606 98.36
607 99.68
608 99.16
609 99.8
610 99.4
611 98.96
612 99.28
613 99.52
614 99.76
615 98.6
616 99.72
617 99.36
618 98.96
619 99.6
620 99.8
621 98.68
622 99.64
623 99.6
624 99.76
625 98.92
626 99.72
627 99.16
628 99.64
629 98.84
630 99.52
631 99.28
632 99.56
633 98.76
634 99.68
635 99.64
636 99.52
637 99.64
638 99.68
639 99.84
640 99.32
641 99.4
642 99.8
643 99.44
644 99
645 98.68
646 98.68
647 99.84
648 99.72
649 -100.48
650 99.64
651 98.68
652 99.68
653 99.44
654 99.72
655 99.72
656 99.72
657 99.56
658 98.68
659 99.8
660 96.6
661 99.6
662 99.4
663 -100.32
664 99.8
665 99.32
666 99.72
667 99.8
668 99.76
669 99.2
670 99.48
671 98.88
672 98.8
673 99.16
674 99.64
675 99.12
676 98.76
677 99.64
678 99.52
679 98.72
680 97.88
681 98.76
682 99.52
683 99.04
684 98.88
685 98.88
686 99.44
687 99.84
688 99.6
689 98.6
690 99.2
691 99.64
692 98.84
693 99.72
694 99.64
695 98.76
696 99
697 99.72
698 99.56
699 99.44
700 99.04
701 99.64
702 99.04
703 99.44
704 -101.72
705 99.56
706 99.48
707 99.72
708 99.76
709 99.28
710 98.96
711 98.28
712 99.68
713 99.24
714 99.36
715 99.48
716 99.36
717 99.6
718 99.28
719 99.64
720 99.52
721 99.68
722 99.12
723 99.68
724 98.76
725 99.36
726 99.8
727 99.8
728 99.52
729 99.6
730 97.88
731 99.04
732 98.68
733 99.56
734 97.68
735 99.64
736 99.72
737 99.84
738 97.36
739 99.6
740 99.68
741 99.76
742 99.64
743 98.64
744 99.2
745 99.76
746 99.32
747 99.6
748 99.68
749 99.64
750 99.84
751 99.68
752 99.76
753 99.6
754 99.44
755 99.32
756 99.4
757 99.24
758 98.32
759 97.28
760 99.8
761 99.68
762 99.72
763 99.68
764 99.72
765 99.64
766 99.68
767 98.92
768 99.76
769 99.52
770 99.24
771 98.56
772 99.68
773 99.04
774 99.48
775 99.36
776 99.76
777 99.08
778 99.76
779 99.28
780 99.56
781 99.44
782 99.08
783 99.52
784 99.68
785 99.84
786 99.68
787 99.36
788 99.72
789 99.8
790 99.28
791 99.84
792 99.8
793 98.96
794 99.36
795 97.52
796 97.76
797 99.4
798 99.8
799 98.08
800 99.72
801 96.84
802 98.8
803 99.68
804 99.2
805 99
806 99.64
807 99.24
808 99.68
809 99.16
810 -100.2
811 99.68
812 99.4
813 99.84
814 98.4
815 99.64
816 99.64
817 99.6
818 98.2
819 99.76
820 99.36
821 99.8
822 99
823 99.8
824 99.8
825 97.68
826 99.08
827 -100.84
828 99.76
829 99.12
830 99.12
831 99.28
832 99.48
833 99.68
834 99.24
835 99.64
836 -101.56
837 99.04
838 99.52
839 99.28
840 99.44
841 99.84
842 99.32
843 99.44
844 -101.2
845 99.64
846 99.16
847 99.76
848 99.52
849 99.84
850 99.08
851 99.68
852 99.84
853 99.76
854 98.16
855 98.92
856 98.84
857 99.24
858 99.68
859 98.2
860 98.72
861 98.08
862 99.2
863 99.72
864 99.56
865 98.96
866 99.36
867 99.4
868 98.92
869 98.8
870 99.68
871 99.68
872 94.96
873 98.52
874 99.72
875 99.56
876 99.6
877 99.6
878 99.72
879 99.32
880 99.8
881 99
882 99.68
883 99.56
884 99.36
885 99.36
886 99.48
887 99.76
888 99.24
889 99.08
890 99.48
891 99.64
892 99
893 99.76
894 98.24
895 99.56
896 99.8
897 98.76
898 99.12
899 99.52
900 99.52
901 99.36
902 99.32
903 99.8
904 99.48
905 99.56
906 99.48
907 98.8
908 99.48
909 99.44
910 99.32
911 99.68
912 99.08
913 99.6
914 99.2
915 99.24
916 99.08
917 99.64
918 99.32
919 99.56
920 99.32
921 99.52
922 99.56
923 99.6
924 97.88
925 99.2
926 99.36
927 99.64
928 99.8
929 99.84
930 99.64
931 99.6
932 99.32
933 99.68
934 99.52
935 99.8
936 99.76
937 99.4
938 99.84
939 98.24
940 99.56
941 99.52
942 99.56
943 98.8
944 99.76
945 99.12
946 99.44
947 98.76
948 99.36
949 97.52
950 99.8
951 99.76
952 99.6
953 99.68
954 98.28
955 99.72
956 99.44
957 99.36
958 98.8
959 99.52
960 99.72
961 98.64
962 99.68
963 99.64
964 99.72
965 99.84
966 98.64
967 99.68
968 99.2
969 99.6
970 99.6
971 98.8
972 99.76
973 99.56
974 99.8
975 99.84
976 99.44
977 99.48
978 99.56
979 99.64
980 99.36
981 98.68
982 99.84
983 99.76
984 99.2
985 98.76
986 99.4
987 99.52
988 98.52
989 99.76
990 99.68
991 99.44
992 99.8
993 99.76
994 99.4
995 97.76
996 99.68
997 99.56
998 99.44
999 99.2
1000 99.68
1001 99.32
1002 99.32
1003 99.6
1004 99.64
1005 99
1006 99.52
1007 99.36
1008 98.36
1009 97.84
1010 98.32
1011 99.72
1012 99.64
1013 99.16
1014 99.52
1015 99.72
1016 99.68
1017 99.56
1018 99.36
1019 99.48
1020 99.16
1021 99.8
1022 99.76
1023 99.76
1024 99.84
1025 99.08
1026 98.36
1027 99.12
1028 99.8
1029 98.68
1030 99.56
1031 99.76
1032 98.2
1033 99.68
1034 99.6
1035 99.56
1036 99.4
1037 97.72
1038 99.4
1039 99.84
1040 97.76
1041 -100.36
1042 99.52
1043 98.92
1044 99.64
1045 99.72
1046 98.88
1047 98.76
1048 99.76
1049 99.6
1050 99.6
1051 98.92
1052 99.6
1053 99.84
1054 99.72
1055 99.08
1056 98.56
1057 97.52
1058 99.72
1059 99.24
1060 99.28
1061 99.12
1062 99.8
1063 99.8
1064 99.52
1065 99.6
1066 99.36
1067 99.6
1068 99.08
1069 98.68
1070 99.6
1071 99.36
1072 97.88
1073 99.68
1074 99.04
1075 98.92
1076 99.76
1077 99.16
1078 99.44
1079 99.72
1080 99.36
1081 -101.4
1082 99.6
1083 99.64
1084 99.64
1085 -100.48
1086 99.44
1087 99.72
1088 99.4
1089 99.56
1090 99.76
1091 99.56
1092 99.72
1093 99.64
1094 99.24
1095 99.76
1096 99.56
1097 99.8
1098 99.4
1099 98.92
1100 99.68
1101 99.56
1102 99.8
1103 98.52
1104 99.36
1105 99.64
1106 99.84
1107 99.2
1108 98.76
1109 99.16
1110 98.32
1111 -100.76
1112 99.76
1113 99.44
1114 99.72
1115 99.24
1116 99.68
1117 98.76
1118 99.56
1119 99.56
1120 99.52
1121 99.8
1122 99.56
1123 98.36
1124 99.4
1125 99.16
1126 99.68
1127 99.8
1128 98.96
1129 99.64
1130 99.56
1131 99.52
1132 99.36
1133 98.28
1134 99.56
1135 99.16
1136 99.16
1137 99.84
1138 99.4
1139 99.52
1140 98.16
1141 99.44
1142 99.16
1143 99.72
1144 99.6
1145 99.36
1146 99.6
1147 98.96
1148 98.76
1149 99.64
1150 98.44
1151 99.64
1152 97.88
1153 99.04
1154 99.68
1155 99.72
1156 99.84
1157 99.76
1158 99.68
1159 99.6
1160 99.68
1161 99.72
1162 99.6
1163 99.68
1164 99.44
1165 99.16
1166 99.4
1167 99.12
1168 99.52
1169 99.4
1170 97.96
1171 99.56
1172 99.08
1173 98.52
1174 99.72
1175 98.88
1176 99.68
1177 97.68
1178 99.48
1179 99.68
1180 97.28
1181 98.92
1182 99.56
1183 99.44
1184 99.6
1185 99.28
1186 99.52
1187 99.4
1188 99.12
1189 99.56
1190 99.76
1191 99.6
1192 99.52
1193 98.92
1194 99.44
1195 99.52
1196 99.68
1197 99.8
1198 99.28
1199 99.76
1200 99.52
1201 98.96
1202 -100.44
1203 99.6
1204 99.76
1205 99
1206 99.12
1207 99.76
1208 99.76
1209 99.72
1210 99.52
1211 99.16
1212 99.28
1213 -100.88
1214 98.76
1215 99.6
1216 99.56
1217 99.48
1218 99.56
1219 99.44
1220 99.8
1221 99.68
1222 99.36
1223 98.96
1224 98.8
1225 99.44
1226 98.68
1227 98.76
1228 99.36
1229 99.44
1230 98.36
1231 99.44
1232 99.76
1233 98.8
1234 99.44
1235 99.08
1236 99.84
1237 99.48
1238 99.36
1239 98
1240 99.8
1241 99.64
1242 99.68
1243 99.28
1244 99.08
1245 99.48
1246 98.92
1247 99.72
1248 99.64
1249 99.56
1250 98.56
1251 99.52
1252 97.72
1253 99.76
1254 99.28
1255 99.8
1256 98.76
1257 99.36
1258 99.4
1259 99.64
1260 99.84
1261 99.76
1262 99.08
1263 99.4
1264 99.52
1265 99.48
1266 99.32
1267 99.8
1268 99.48
1269 99.84
1270 98.68
1271 99.32
1272 99.24
1273 97.64
1274 99.4
1275 98.4
1276 99.16
1277 99.8
1278 99.52
1279 99.44
1280 99.24
1281 99.48
1282 99.48
1283 99.2
1284 99.32
1285 99.76
1286 99.68
1287 99.12
1288 99.84
1289 99.76
1290 99.36
1291 99.08
1292 99.68
1293 99.84
1294 99.64
1295 99.12
1296 97.84
1297 99.24
1298 98.8
1299 99.24
1300 99.68
1301 99.56
1302 99.8
1303 99.76
1304 99.36
1305 99.76
1306 99.4
1307 99.84
1308 97.44
1309 96.96
1310 99.84
1311 99.64
1312 99.2
1313 97.52
1314 99.84
1315 99.28
1316 99.64
1317 99.48
1318 99
1319 99.68
1320 99.72
1321 98.6
1322 99.68
1323 99.52
1324 99.6
1325 99.84
1326 98.64
1327 99
1328 99.52
1329 99.56
1330 98.88
1331 99
1332 98.24
1333 98.76
1334 99.24
1335 99.12
1336 99.4
1337 99.56
1338 99.08
1339 99.56
1340 98.76
1341 99
1342 99.72
1343 99.2
1344 99.48
1345 99.44
1346 98.52
1347 99.64
1348 -101.04
1349 99.72
1350 99.68
1351 99.36
1352 98.92
1353 99.84
1354 99.84
1355 99.44
1356 99.24
1357 98.52
1358 99.24
1359 99.48
1360 99.68
1361 99.8
1362 99.8
1363 98.28
1364 99.44
1365 99.76
1366 99.84
1367 99.48
1368 99.48
1369 99.12
1370 98.88
1371 99.56
1372 98.16
1373 99.64
1374 98.4
1375 99.6
1376 99.68
1377 99.4
1378 99.56
1379 99.6
1380 98.84
1381 99.8
1382 99.32
1383 98.72
1384 99.68
1385 99.04
1386 99.2
1387 97.68
1388 98.96
1389 99.8
1390 98.28
1391 98.56
1392 99.48
1393 99.48
1394 99.76
1395 99.72
1396 99.2
1397 99.68
1398 99.48
1399 98.76
1400 98.4
1401 98.68
1402 99.64
1403 99.64
1404 99.04
1405 98.64
1406 98.8
1407 99.56
1408 99.48
1409 95.56
1410 99.12
1411 99.2
1412 96.96
1413 99.52
1414 99.56
1415 99.6
1416 99.08
1417 97.68
1418 98.52
1419 99.52
1420 99.48
1421 99.56
1422 99.72
1423 99.36
1424 99.24
1425 99.2
1426 99.16
1427 99.84
1428 99.48
1429 98.44
1430 99.56
1431 99.44
1432 99.68
1433 99.68
1434 99.44
1435 99.32
1436 99.44
1437 98
1438 99.84
1439 99.48
1440 99.12
1441 99.64
1442 99.04
1443 99.72
1444 99.04
1445 99.28
1446 99.6
1447 99.56
1448 98.72
1449 98.96
1450 99.56
1451 97.44
1452 99.48
1453 99.8
1454 99.08
1455 99.72
1456 99
1457 98.92
1458 99.72
1459 99.36
1460 99.44
1461 99.64
1462 98.72
1463 99.8
1464 99.6
1465 99.36
1466 99
1467 98.8
1468 99.12
1469 99.6
1470 99.8
1471 99.52
1472 98.92
1473 99.6
1474 99.48
1475 99.68
1476 99.44
1477 99.72
1478 99.16
1479 98.12
1480 99.6
1481 99.24
1482 98.72
1483 97.8
1484 99.64
1485 97.84
1486 99.8
1487 99.28
1488 99.32
1489 99.4
1490 99
1491 99.32
1492 98.88
1493 99.68
1494 99.36
1495 99.48
1496 98.36
1497 99.8
1498 98.84
1499 99.56
1500 98.88
1501 99.76
1502 99.24
1503 99.76
1504 99.4
1505 98.88
1506 99.8
1507 99.6
1508 99.64
1509 -100.48
1510 99.56
1511 99.72
1512 99.52
1513 99.8
1514 99.24
1515 99.76
1516 99.64
1517 99.12
1518 99.56
1519 99.56
1520 98.56
1521 99.24
1522 98.56
1523 99.84
1524 98.72
1525 99.4
1526 99.4
1527 -101.08
1528 99.64
1529 99.84
1530 99.76
1531 98.88
1532 99.8
1533 99.08
1534 99.04
1535 99.8
1536 97.32
1537 99.12
1538 99.72
1539 99.08
1540 99.36
1541 99.68
1542 99.72
1543 99.72
1544 98.4
1545 -100.16
1546 99.68
1547 98.4
1548 99.8
1549 99.44
1550 99.6
1551 98.64
1552 99.84
1553 98.96
1554 99.52
1555 99.12
1556 98.96
1557 99.72
1558 99.6
1559 99.68
1560 98.8
1561 99.72
1562 99.4
1563 99.6
1564 97.72
1565 99.04
1566 99.64
1567 99.52
1568 98.76
1569 99.8
1570 99.16
1571 98.4
1572 98.96
1573 99.28
1574 99.4
1575 98.4
1576 99.08
1577 98.88
1578 99.12
1579 99.72
1580 98.68
1581 99.8
1582 98.32
1583 99.84
1584 99.12
1585 99.72
1586 99.52
1587 98.92
1588 99.56
1589 99.64
1590 97.52
1591 99.84
1592 -100.92
1593 99.76
1594 99.6
1595 99.48
1596 99.24
1597 99.24
1598 99.2
1599 99.28
1600 99.8
1601 99.08
1602 98.32
1603 98.84
1604 99.72
1605 99.84
1606 99.56
1607 98.4
1608 98.96
1609 98.96
1610 99.44
1611 98.88
1612 99.56
1613 99.8
1614 99.4
1615 99.8
1616 99.68
1617 99.52
1618 99.24
1619 99.8
1620 99.68
1621 99.56
1622 99.64
1623 99.24
1624 98.6
1625 99.76
1626 99.64
1627 99.08
1628 99.32
1629 99.16
1630 99.52
1631 99.24
1632 99.76
1633 99.68
1634 99.48
1635 98.52
1636 99.84
1637 99.16
1638 99.6
1639 -101.52
1640 99.72
1641 99.72
1642 99.64
1643 99.44
1644 99.16
1645 99.2
1646 99.6
1647 99.52
1648 99.64
1649 97.92
1650 99.44
1651 99.56
1652 99.76
1653 -101.44
1654 99.6
1655 99.8
1656 99.44
1657 99.12
1658 99.76
1659 99.28
1660 97.84
1661 99.16
1662 99.04
1663 99.8
1664 99.8
1665 99.56
1666 99.72
1667 99.08
1668 99.76
1669 99.84
1670 99.08
1671 98.84
1672 99.8
1673 99.48
1674 98.8
1675 99.56
1676 97.88
1677 99.48
1678 99.8
1679 98.68
1680 99.52
1681 99.36
1682 99.36
1683 99.36
1684 99.68
1685 99.48
1686 99.8
1687 99.04
1688 99.28
1689 99.56
1690 99.24
1691 99.44
1692 99.76
1693 99.32
1694 99.76
1695 99.64
1696 99.36
1697 -102.24
1698 99.72
1699 99.12
1700 98.04
1701 99.12
1702 99.48
1703 99.56
1704 97.92
1705 99.52
1706 99.64
1707 99.12
1708 99.76
1709 99.4
1710 99.64
1711 99.8
1712 99.56
1713 99.52
1714 99.76
1715 99.64
1716 99.28
1717 98.76
1718 99.08
1719 99.64
1720 99.6
1721 99.24
1722 99.36
1723 98.04
1724 98.52
1725 98.72
1726 99.6
1727 99.08
1728 99.72
1729 98.96
1730 99.56
1731 99.44
1732 99.48
1733 99.68
1734 99.8
1735 99.36
1736 99.6
1737 99.32
1738 99.72
1739 99.8
1740 99.44
1741 -100.76
1742 99.72
1743 99.24
1744 99.8
1745 99.32
1746 99.6
1747 99.16
1748 99.52
1749 99.72
1750 -100.44
1751 99.8
1752 98.92
1753 99.36
1754 99.44
1755 98.12
1756 97.96
1757 98.88
1758 99
1759 99.56
1760 99.72
1761 99.52
1762 98.88
1763 98.84
1764 99.72
1765 99
1766 99.72
1767 99.56
1768 98.84
1769 99.44
1770 99.8
1771 99.72
1772 99.84
1773 99.44
1774 99.6
1775 99.56
1776 99.8
1777 99.8
1778 99.76
1779 99.52
1780 99.4
1781 99.84
1782 98.52
1783 99.32
1784 99.56
1785 99.4
1786 98
1787 99.48
1788 99.52
1789 99.48
1790 99.8
1791 99.56
1792 99.68
1793 98.76
1794 99.6
1795 99.6
1796 99.8
1797 99.72
1798 99.2
1799 99.36
1800 98.68
1801 99.2
1802 99.8
1803 99.84
1804 98.44
1805 98.6
1806 99.72
1807 98.88
1808 99.08
1809 99.6
1810 99.68
1811 99.76
1812 99.56
1813 99.76
1814 99.16
1815 99.52
1816 99.56
1817 99.52
1818 99.24
1819 99.72
1820 -101.16
1821 99.72
1822 99.52
1823 98.24
1824 99.32
1825 98.88
1826 99.76
1827 99.76
1828 98.76
1829 98.56
1830 99.28
1831 99.12
1832 98.88
1833 98.8
1834 98.48
1835 99.64
1836 99.56
1837 99.4
1838 99.72
1839 99.84
1840 98.52
1841 99.52
1842 99.12
1843 99.6
1844 99.72
1845 99.32
1846 99.28
1847 99.08
1848 99.6
1849 99.84
1850 98.56
1851 99.32
1852 99.24
1853 99.72
1854 99.4
1855 99.64
1856 99.72
1857 99.6
1858 99.84
1859 99.8
1860 99.72
1861 99.56
1862 99.16
1863 99.84
1864 99.44
1865 99.72
1866 99.52
1867 99.6
1868 99.76
1869 -101.72
1870 98.44
1871 99.64
1872 99.84
1873 99.4
1874 99.76
1875 99.6
1876 99.4
1877 99.64
1878 99.84
1879 98.84
1880 99.4
1881 99.44
1882 98.76
1883 99.84
1884 98.72
1885 99.6
1886 99.48
1887 98.12
1888 99.28
1889 99.64
1890 99.84
1891 99.64
1892 99.68
1893 99.32
1894 99.68
1895 99.68
1896 99.32
1897 99.16
1898 99.36
1899 99.72
1900 99.36
1901 99.84
1902 99.72
1903 99.64
1904 98.72
1905 98.96
1906 99.2
1907 99.72
1908 99.48
1909 99.76
1910 99.4
1911 99.68
1912 99.72
1913 99.72
1914 99.2
1915 99.4
1916 99.68
1917 99.64
1918 99.76
1919 -100.32
1920 97.88
1921 99.64
1922 99.72
1923 99.76
1924 99.04
1925 99.08
1926 98.92
1927 99.64
1928 99.16
1929 99.16
1930 99.4
1931 99.76
1932 99.52
1933 99.24
1934 99.84
1935 99.52
1936 99.76
1937 99
1938 99.8
1939 99.72
1940 99.72
1941 97.44
1942 98.96
1943 99.72
1944 99.76
1945 97.92
1946 99.56
1947 99.36
1948 99.6
1949 99.24
1950 99.36
1951 99.68
1952 99.48
1953 98.84
1954 99.64
1955 99
1956 99.48
1957 98.64
1958 99
1959 99.76
1960 99.04
1961 -101.12
1962 99.84
1963 98.24
1964 99.4
1965 99.6
1966 99.2
1967 99.36
1968 99.04
1969 99.52
1970 99.64
1971 99.36
1972 99.48
1973 99.04
1974 97.72
1975 99.8
1976 99.56
1977 99.76
1978 99.64
1979 99.76
1980 99.56
1981 99.76
1982 99.28
1983 98.72
1984 99.72
1985 96.6
1986 99.72
1987 99.6
1988 99.8
1989 99.8
1990 99.24
1991 99.8
1992 99.2
1993 99.4
1994 99.68
1995 99.56
1996 98.92
1997 99.56
1998 97.96
1999 99.28
2000 99.8
2001 99.28
2002 99.76
2003 99.48
2004 99.28
2005 98.76
2006 99.28
2007 99.72
2008 98.76
2009 99.52
2010 -100.44
2011 99.2
2012 99.08
2013 98.32
2014 99.72
2015 99.6
2016 99.64
2017 99.28
2018 99.72
2019 99.72
2020 98.28
2021 99.24
2022 98.56
2023 99.56
2024 99.56
2025 99.44
2026 99.72
2027 99.48
2028 99.48
2029 98.88
2030 99.8
2031 99.4
2032 99.84
2033 98.92
2034 99.64
2035 99.52
2036 99.16
2037 99.16
2038 99.76
2039 99.64
2040 96.96
2041 99.44
2042 99.72
2043 99.84
2044 99.64
2045 99.12
2046 99.48
2047 99.72
2048 99.4
2049 98.64
2050 99.76
2051 99.52
2052 99.16
2053 99.8
2054 98.88
2055 99.48
2056 99
2057 98.8
2058 99.72
2059 99.52
2060 99.68
2061 99.04
2062 99.76
2063 98.92
2064 99.72
2065 99.76
2066 99.72
2067 99.68
2068 -100.4
2069 99.04
2070 99.12
2071 99.48
2072 99.72
2073 99.68
2074 99.52
2075 99.56
2076 98.2
2077 99.2
2078 99.68
2079 99.36
2080 99.48
2081 99.84
2082 99.04
2083 99.84
2084 99.44
2085 98.96
2086 98.68
2087 99.84
2088 99.6
2089 99.68
2090 99.32
2091 99.64
2092 99.64
2093 99.36
2094 99.2
2095 99.32
2096 99.72
2097 99.48
2098 99.68
2099 99.24
2100 99.68
2101 99.24
2102 98.4
2103 99.8
2104 99.36
2105 98.16
2106 99.24
2107 99.36
2108 99.56
2109 99.52
2110 99.44
2111 99.24
2112 99.28
2113 99.56
2114 99.76
2115 99.56
2116 99.76
2117 -101.76
2118 98.8
2119 99.76
2120 99.52
2121 -100.2
2122 99.8
2123 99.76
2124 99.8
2125 99.56
2126 99.64
2127 99.36
2128 99.08
2129 99
2130 99.36
2131 99.84
2132 99.48
2133 99.52
2134 99.68
2135 98.92
2136 -100.68
2137 98.2
2138 99.16
2139 99.28
2140 99.68
2141 99.24
2142 99.8
2143 99.32
2144 97.68
2145 98.92
2146 99.68
2147 99.6
2148 -100.2
2149 98.92
2150 99.68
2151 99.76
2152 99.48
2153 99.72
2154 98.88
2155 98.68
2156 98.44
2157 99.6
2158 98.6
2159 99.48
2160 99.52
2161 99.64
2162 99.72
2163 98.76
2164 98.4
2165 99.76
2166 99.24
2167 99.08
2168 99.48
2169 99.52
2170 99.28
2171 99.2
2172 98.72
2173 99.36
2174 98.88
2175 99.84
2176 98.64
2177 99.8
2178 98.92
2179 99.24
2180 99.6
2181 99.68
2182 99.8
2183 99.8
2184 99.76
2185 99.6
2186 99.76
2187 99.72
2188 99.72
2189 99.68
2190 99.36
2191 -100.36
2192 98.72
2193 99.28
2194 99.12
2195 99.32
2196 98.44
2197 99.68
2198 99.12
2199 99.68
2200 -100.24
2201 99.44
2202 98.76
2203 99.36
2204 99.44
2205 99.68
2206 98.72
2207 99.76
2208 99.48
2209 99.8
2210 99.76
2211 99.56
2212 99.44
2213 99.52
2214 99.56
2215 99.32
2216 98.68
2217 99.72
2218 99.24
2219 99.68
2220 99.76
2221 99.84
2222 99.52
2223 98.48
2224 99.8
2225 99.2
2226 99.8
2227 99.44
2228 99
2229 98.48
2230 99.08
2231 99.12
2232 99.6
2233 99.72
2234 99.4
2235 98.2
2236 99.76
2237 99.24
2238 99.64
2239 99.04
2240 99.84
2241 99.6
2242 99.76
2243 99.64
2244 99.68
2245 99.76
2246 99.84
2247 -101
2248 97.64
2249 98.52
2250 99.72
2251 97.88
2252 99.04
2253 99.56
2254 99.6
2255 98.4
2256 99.44
2257 99.44
2258 99.08
2259 98.68
2260 99.72
2261 99.8
2262 97.96
2263 99.08
2264 99.84
2265 99.84
2266 97.56
2267 99.48
2268 97.36
2269 99.64
2270 99.76
2271 99.52
2272 99.56
2273 99.48
2274 99.48
2275 99.52
2276 99.24
2277 99.32
2278 99
2279 98.92
2280 99.6
2281 99.76
2282 98.56
2283 98.92
2284 99.76
2285 99.28
2286 99.16
2287 99.84
2288 99.84
2289 98.88
2290 99.8
2291 99.64
2292 99.64
2293 99.6
2294 99.2
2295 99.56
2296 99.72
2297 99.68
2298 99.64
2299 99.56
2300 99.56
2301 98.8
2302 99.48
2303 98.52
2304 99.64
2305 99.56
2306 99.52
2307 99.64
2308 99.56
2309 -100.28
2310 98.84
2311 99.76
2312 99.48
2313 98.88
2314 99.6
2315 99
2316 99.76
2317 98.92
2318 99.4
2319 99.64
2320 99
2321 99
2322 99.8
2323 98.24
2324 99.52
2325 98.96
2326 97.28
2327 99.32
2328 99.64
2329 96.52
2330 97.72
2331 99.52
2332 99.64
2333 97.28
2334 98.36
2335 99.04
2336 99.08
2337 98.44
2338 99.68
2339 99.84
2340 96.76
2341 98.36
2342 99.68
2343 99.12
2344 99.8
2345 99.08
2346 99.64
2347 99.76
2348 99.52
2349 99.8
2350 99.84
2351 99.68
2352 99.84
2353 99.72
2354 99.76
2355 99.24
2356 99.16
2357 99.04
2358 99.52
2359 99.6
2360 99.28
2361 99.16
2362 99.72
2363 99.08
2364 99.84
2365 99.8
2366 99.8
2367 99.6
2368 99.36
2369 99.84
2370 97.28
2371 99.68
2372 98.52
2373 99.76
2374 -101
2375 98.8
2376 98.68
2377 99.52
2378 98.4
2379 98.32
2380 98.96
2381 99.68
2382 99.72
2383 99.8
2384 98.64
2385 99.76
2386 99.68
2387 98.88
2388 98.8
2389 99.56
2390 99.48
2391 99.04
2392 99.08
2393 99.68
2394 99.28
2395 98.64
2396 99.52
2397 99.52
2398 99.64
2399 99.6
2400 99.64
2401 98.92
2402 98.92
2403 99.84
2404 99.36
2405 99.52
2406 99.24
2407 99.8
2408 99.8
2409 99.72
2410 99.08
2411 99.36
2412 99.8
2413 99
2414 99.68
2415 99.6
2416 98.96
2417 98.92
2418 99.68
2419 99.64
2420 99.52
2421 99.6
2422 98.4
2423 99.84
2424 98
2425 99.56
2426 98.92
2427 98.8
2428 97.32
2429 99.6
2430 99.04
2431 99.8
2432 99.44
2433 99.2
2434 98.96
2435 99.68
2436 99.84
2437 99.76
2438 99.8
2439 97.68
2440 99.76
2441 99.8
2442 99
2443 99.72
2444 99.68
2445 99.44
2446 99.84
2447 99.52
2448 99.12
2449 99.6
2450 99.36
2451 98.44
2452 99.2
2453 99.6
2454 99.8
2455 99.64
2456 99.48
2457 98.88
2458 99.76
2459 99.36
2460 99.8
2461 99.24
2462 99.04
2463 99.72
2464 99.24
2465 98.48
2466 99.12
2467 99.6
2468 99.64
2469 99.72
2470 99.52
2471 99.56
2472 98.04
2473 99.56
2474 99.44
2475 97.84
2476 99.08
2477 99.76
2478 99.32
2479 98.72
2480 99.6
2481 99.76
2482 99.4
2483 99.6
2484 98.72
2485 99.4
2486 98.24
2487 99.2
2488 99.68
2489 99.8
2490 99.72
2491 99.56
2492 98.88
2493 99.6
2494 99.68
2495 99.16
2496 99.28
2497 99.68
2498 99.6
2499 98.72
2500 99.6
2501 99.72
2502 99.8
2503 99.48
2504 99.64
2505 99.84
2506 99.52
2507 99.36
2508 99.64
2509 99.64
2510 99.84
2511 98.4
2512 99.04
2513 99.64
2514 97.76
2515 99.6
2516 98.32
2517 99.32
2518 99.16
2519 98.48
2520 99.48
2521 98.36
2522 99.84
2523 99.64
2524 99.08
2525 99.36
2526 96.28
2527 99
2528 98.28
2529 99.48
2530 99.32
2531 99.64
2532 99.8
2533 99.84
2534 99.84
2535 99.48
2536 99.8
2537 99.56
2538 99.16
2539 -100.48
2540 99.72
2541 99.84
2542 98.36
2543 97.48
2544 99.6
2545 99.68
2546 99.24
2547 99.76
2548 99.84
2549 99
2550 99.68
2551 98.56
2552 99.72
2553 99.12
2554 99.8
2555 99.36
2556 97.56
2557 99.4
2558 99
2559 99.52
2560 99.36
2561 99.04
2562 99.48
2563 99.68
2564 99.68
2565 99.56
2566 98.84
2567 99.6
2568 99.12
2569 98.24
2570 99.08
2571 99.4
2572 99.48
2573 99.64
2574 99.4
2575 99.8
2576 99.36
2577 99.28
2578 99.28
2579 99.68
2580 99.68
2581 99.12
2582 98.28
2583 99.76
2584 98.92
2585 99.8
2586 99.6
2587 99.56
2588 99.64
2589 99.52
2590 99.72
2591 99.68
2592 99.68
2593 99.8
2594 98.84
2595 99.68
2596 98.92
2597 99.6
2598 99.72
2599 99.8
2600 99.84
2601 99.16
2602 99.36
2603 99.76
2604 98.52
2605 99.28
2606 99.72
2607 99.44
2608 99.84
2609 98.8
2610 -104.4
2611 99.56
2612 99.72
2613 99.52
2614 99.16
2615 99.4
2616 99.24
2617 99.84
2618 99.8
2619 99.76
2620 99.84
2621 99.84
2622 99.6
2623 99.24
2624 99.56
2625 99.6
2626 98.52
2627 99.2
2628 98.52
2629 98.64
2630 99.8
2631 99.44
2632 99.4
2633 99.52
2634 99.16
2635 99.64
2636 99.68
2637 97.96
2638 99.44
2639 99.72
2640 99.6
2641 99.36
2642 97.88
2643 98.88
2644 99.72
2645 98.68
2646 99.48
2647 98.48
2648 99.72
2649 99.28
2650 96.24
2651 99.28
2652 98.52
2653 99.4
2654 99.48
2655 99.8
2656 99.56
2657 99.32
2658 98.56
2659 98.96
2660 99.08
2661 99.04
2662 99.04
2663 99.8
2664 99.16
2665 99.44
2666 98.64
2667 99
2668 99.16
2669 99.4
2670 99.64
2671 99.32
2672 99.56
2673 98.76
2674 99.76
2675 98.2
2676 99.6
2677 99.16
2678 98.96
2679 99.32
2680 99.8
2681 98.72
2682 99.32
2683 99.52
2684 99.84
2685 99
2686 99.12
2687 99.76
2688 99.2
2689 99.32
2690 98.96
2691 99.68
2692 99.76
2693 99.68
2694 98.88
2695 99.08
2696 96.64
2697 99.28
2698 97.68
2699 98.96
2700 99.52
2701 99.36
2702 99.56
2703 99.48
2704 98.64
2705 98.56
2706 99.64
2707 99.84
2708 99.52
2709 99.72
2710 99.68
2711 99.6
2712 99.4
2713 98.84
2714 99.6
2715 99.12
2716 99.32
2717 99.64
2718 99.12
2719 98.96
2720 99.28
2721 99.76
2722 99.52
2723 99.08
2724 99.24
2725 99.8
2726 99.28
2727 98.52
2728 98.04
2729 99.44
2730 99.76
2731 99.76
2732 99.32
2733 99.32
2734 99.8
2735 99.4
2736 99.56
2737 99
2738 97.28
2739 99.04
2740 99.6
2741 99.08
2742 99.84
2743 99.08
2744 99.72
2745 99.4
2746 99.52
2747 98.44
2748 99.68
2749 99.76
2750 99.36
2751 98.44
2752 99.4
2753 98.96
2754 99.52
2755 99.32
2756 99.6
2757 99.64
2758 99.24
2759 99.44
2760 99.56
2761 -100.52
2762 99.68
2763 99.76
2764 99.48
2765 99.56
2766 99.4
2767 99.12
2768 99
2769 99.56
2770 99.84
2771 99.44
2772 99.68
2773 99.56
2774 98.68
2775 99.72
2776 99.24
2777 99.48
2778 99.84
2779 98.6
2780 98.88
2781 99.48
2782 99.44
2783 99.56
2784 99.64
2785 99.56
2786 99.72
2787 99.48
2788 99.48
2789 -100.24
2790 99.64
2791 99.52
2792 99.48
2793 97.88
2794 99.64
2795 99.48
2796 99.6
2797 99.36
2798 98.68
2799 99.32
2800 99.76
2801 99.08
2802 99.08
2803 99.8
2804 98.8
2805 99.24
2806 99.36
2807 99.04
2808 99.48
2809 99
2810 99.28
2811 99.36
2812 99.2
2813 99.08
2814 98.88
2815 98.8
2816 99.08
2817 98.56
2818 99.56
2819 99.8
2820 99.72
2821 99.56
2822 99
2823 99.24
2824 97.88
2825 99.76
2826 99.68
2827 99.32
2828 99.36
2829 98.6
2830 99.04
2831 99.72
2832 99.16
2833 99.48
2834 98.48
2835 99.68
2836 99.12
2837 99.52
2838 99.52
2839 99.6
2840 99.52
2841 99.64
2842 99.72
2843 99.4
2844 99.24
2845 98.56
2846 99.44
2847 98.72
2848 99.72
2849 99.16
2850 98.84
2851 97
2852 98.92
2853 99.64
2854 99.64
2855 99.84
2856 99.32
2857 99.76
2858 99.32
2859 99.76
2860 99.68
2861 99.56
2862 98.8
2863 99.44
2864 99.64
2865 99.2
2866 98.44
2867 99.4
2868 99.8
2869 95.36
2870 99.56
2871 99.84
2872 99.2
2873 99.72
2874 97.88
2875 98.44
2876 99.84
2877 97.84
2878 99.64
2879 99
2880 97.52
2881 99.12
2882 99.16
2883 99.56
2884 99.68
2885 99.64
2886 99.28
2887 99.76
2888 99.64
2889 98.16
2890 99.76
2891 99.68
2892 99.6
2893 -100.6
2894 98.44
2895 99.4
2896 99.8
2897 99.56
2898 99.64
2899 99.64
2900 98.84
2901 97.96
2902 99.8
2903 98.72
2904 99.68
2905 -101.88
2906 98.84
2907 99.44
2908 99.2
2909 99.76
2910 99.72
2911 99.8
2912 99.76
2913 99.84
2914 99.4
2915 99.84
2916 99.76
2917 98.32
2918 97.76
2919 99.64
2920 99.4
2921 99.28
2922 99.52
2923 99.72
2924 97.84
2925 98.72
2926 98.84
2927 99.8
2928 99.68
2929 99.76
2930 99.84
2931 99.28
2932 99.64
2933 98.28
2934 99.52
2935 99.24
2936 98.32
2937 99.8
2938 99.4
2939 98.52
2940 99.68
2941 99.24
2942 98.16
2943 98.4
2944 99.48
2945 99.68
2946 99.6
2947 99.84
2948 99.44
2949 99.72
2950 99.6
2951 99.24
2952 99.76
2953 99.84
2954 99.24
2955 99.76
2956 99.48
2957 98.72
2958 99.4
2959 98.08
2960 99.52
2961 98.92
2962 99.64
2963 98.76
2964 99.36
2965 97
2966 99.56
2967 97.8
2968 98.92
2969 99.64
2970 99.56
2971 99.2
2972 99.6
2973 99.44
2974 99.24
2975 99.44
2976 99.76
2977 99.32
2978 99.48
2979 99.8
2980 99.6
2981 99.24
2982 99.8
2983 99.84
2984 99.56
2985 99.4
2986 99.56
2987 99.8
2988 99.8
2989 99.8
2990 98.92
2991 99.24
2992 99.72
2993 99.6
2994 99.84
2995 99.76
2996 99.64
2997 99.36
2998 99.6
2999 99.6
