0 -101
1 -154
2 -233
3 -184
4 -143
5 -115
6 -114
7 -116
8 -100
9 -213
10 -127
11 -124
12 -190
13 -158
14 -195
15 -126
16 -244
17 -108
18 -194
19 -109
20 -198
21 -129
22 -271
23 -83
24 -172
25 -248
26 -436
27 -214
28 -107
29 -102
30 -170
31 -94
32 -67
33 -31
34 -75
35 -136
36 -216
37 -484
38 -249
39 -456
40 -81
41 -63
42 -148
43 -87
44 -119
45 -67
46 -122
47 -61
48 -93
49 -100
50 -107
51 -186
52 -120
53 -84
54 -76
55 -111
56 -63
57 -80
58 -141
59 -76
60 -92
61 -116
62 -175
63 -29
64 -179
65 -30
66 -60
67 -177
68 -44
69 -92
70 -52
71 -113
72 -42
73 -104
74 -19
75 -103
76 -103
77 -101
78 -100
79 -100
80 -31
81 -67
82 -99
83 -57
84 -23
85 -100
86 -103
87 -69
88 -67
89 -84
90 -122
91 -48
92 -91
93 -31
94 -39
95 -54
96 -27
97 -36
98 -68
99 -32
100 -31
101 -59
102 -58
103 -36
104 -52
105 -45
106 -47
107 -86
108 -60
109 -31
110 -126
111 -30
112 -34
113 -100
114 -29
115 -26
116 -69
117 -44
118 -42
119 -130
120 -128
121 -45
122 -45
123 -127
124 -100
125 -139
126 -27
127 -35
128 -100
129 -25
130 -29
131 -61
132 -107
133 -31
134 -111
135 -50
136 -38
137 -103
138 -141
139 -68
140 -37
141 -43
142 -34
143 -164
144 -104
145 -34
146 -52
147 -19
148 -57
149 -81
150 -45
151 -49
152 -37
153 -45
154 -114
155 -34
156 -55
157 -35
158 -48
159 -47
160 -33
161 -20
162 -34
163 -59
164 -35
165 -34
166 -130
167 -38
168 -28
169 -75
170 -28
171 -49
172 -102
173 -44
174 -62
175 -29
176 -44
177 -42
178 -50
179 -37
180 -54
181 -26
182 -54
183 -100
184 -27
185 -34
186 -30
187 -46
188 -44
189 -117
190 -100
191 -62
192 -114
193 -33
194 -61
195 -47
196 -32
197 -25
198 -23
199 -28
200 -64
201 -27
202 -31
203 -22
204 -32
205 -31
206 -44
207 -26
208 -28
209 -35
210 -30
211 -112
212 -107
213 -70
214 -28
215 -24
216 -50
217 -30
218 -31
219 -23
220 -18
221 -34
222 -32
223 -41
224 -32
225 -101
226 -34
227 -46
228 -55
229 -25
230 -21
231 -27
232 -102
233 -108
234 -46
235 -104
236 -156
237 -35
238 -28
239 -31
240 -37
241 -53
242 -32
243 -27
244 -30
245 -23
246 -33
247 -31
248 -127
249 -21
250 -23
251 -31
252 -41
253 -41
254 -18
255 -25
256 -31
257 -101
258 -46
259 -36
260 -26
261 -58
262 -19
263 -34
264 -23
265 -38
266 -100
267 -34
268 -32
269 -26
270 -38
271 -29
272 -29
273 -16
274 -41
275 -17
276 -20
277 -19
278 -24
279 -51
280 -24
281 -20
282 -35
283 -44
284 -37
285 -63
286 -42
287 -29
288 -110
289 -114
290 -26
291 -26
292 -101
293 -21
294 -29
295 -35
296 -21
297 -22
298 -100
299 -28
300 -100
301 -51
302 -30
303 -26
304 -28
305 -43
306 -24
307 -60
308 -134
309 -20
310 -25
311 -37
312 -29
313 -25
314 -28
315 -31
316 -30
317 -32
318 -34
319 -37
320 -34
321 -24
322 -102
323 -43
324 -32
325 -51
326 -36
327 -39
328 -33
329 -19
330 -24
331 -29
332 -100
333 -33
334 -34
335 -32
336 -37
337 -28
338 -128
339 -45
340 -27
341 -27
342 -48
343 -53
344 -27
345 -51
346 -21
347 -53
348 -60
349 -23
350 -100
351 -125
352 -33
353 -37
354 -24
355 -24
356 -22
357 -34
358 -18
359 -46
360 -115
361 -32
362 -101
363 -29
364 -22
365 -128
366 -26
367 -30
368 -22
369 -32
370 -23
371 -102
372 -21
373 -53
374 -21
375 -24
376 -64
377 -32
378 -106
379 -32
380 -25
381 -23
382 -33
383 -37
384 -19
385 -23
386 -24
387 -101
388 -20
389 -31
390 -33
391 -33
392 -29
393 -38
394 -23
395 -24
396 -25
397 -28
398 -42
399 -116
400 -23
401 -23
402 -103
403 -29
404 -29
405 -31
406 -25
407 -25
408 -45
409 -36
410 -54
411 -30
412 -33
413 -22
414 -45
415 -39
416 -20
417 -27
418 -40
419 -26
420 -32
421 -106
422 -62
423 -22
424 -35
425 -30
426 -19
427 -18
428 -36
429 -46
430 -124
431 -29
432 -20
433 -29
434 -24
435 -35
436 -27
437 -27
438 -104
439 -37
440 -28
441 -23
442 -39
443 -35
444 -23
445 -40
446 -22
447 -111
448 -102
449 -23
450 -30
451 -31
452 -40
453 -36
454 -26
455 -27
456 -24
457 -15
458 -18
459 -39
460 -23
461 -18
462 -16
463 -19
464 -22
465 -25
466 -24
467 -28
468 -26
469 -34
470 -25
471 -17
472 -30
473 -20
474 -26
475 -23
476 -20
477 -26
478 -100
479 -30
480 -16
481 -21
482 -100
483 -19
484 -27
485 -26
486 -35
487 -20
488 -23
489 -22
490 -20
491 -24
492 -35
493 -22
494 -111
495 -21
496 -27
497 -27
498 -27
499 -31
500 -103
501 -24
502 -46
503 -39
504 -35
505 -19
506 -101
507 -40
508 -31
509 -30
510 -21
511 -101
512 -28
513 -36
514 -35
515 -44
516 -36
517 -103
518 -34
519 -117
520 -18
521 -27
522 -24
523 -51
524 -28
525 -53
526 -27
527 -26
528 -44
529 -28
530 -23
531 -34
532 -28
533 -22
534 -22
535 -23
536 -30
537 -21
538 -39
539 -23
540 -28
541 -31
542 -25
543 -41
544 -41
545 -22
546 -22
547 -25
548 -105
549 -27
550 -18
551 -27
552 -33
553 -39
554 -26
555 -30
556 -34
557 -100
558 -59
559 -33
560 -43
561 -31
562 -100
563 -20
564 -103
565 -36
566 -29
567 -20
568 -21
569 -22
570 -25
571 -36
572 -31
573 -37
574 -34
575 -31
576 -29
577 -31
578 -34
579 -108
580 -18
581 -46
582 -31
583 -29
584 -22
585 -31
586 -42
587 -25
588 -21
589 -110
590 -28
591 -33
592 -20
593 -22
594 -25
595 -34
596 -45
597 -26
598 -138
599 -115
600 -25
601 -23
602 -46
603 -34
604 -29
605 -16
606 -50
607 -101
608 -31
609 -37
610 -28
611 -43
612 -74
613 -29
614 -21
615 -51
616 -24
617 -50
618 -29
619 -26
620 -26
621 -23
622 -24
623 -24
624 -21
625 -100
626 -100
627 -49
628 -35
629 -23
630 -20
631 -18
632 -31
633 -38
634 -29
635 -50
636 -24
637 -34
638 -27
639 -20
640 -20
641 -134
642 -26
643 -24
644 -36
645 -49
646 -100
647 -20
648 -24
649 -29
650 -38
651 -43
652 -39
653 -32
654 -28
655 -27
656 -24
657 -25
658 -37
659 -20
660 -38
661 -25
662 -103
663 -18
664 -29
665 -36
666 -37
667 -17
668 -30
669 -63
670 -104
671 -27
672 -28
673 -30
674 -30
675 -23
676 -38
677 -26
678 -40
679 -22
680 -22
681 -24
682 -32
683 -35
684 -25
685 -35
686 -24
687 -29
688 -27
689 -51
690 -32
691 -27
692 -24
693 -27
694 -26
695 -133
696 -106
697 -44
698 -33
699 -24
700 -105
701 -20
702 -31
703 -35
704 -42
705 -36
706 -34
707 -44
708 -24
709 -22
710 -106
711 -25
712 -102
713 -28
714 -24
715 -59
716 -18
717 -26
718 -24
719 -24
720 -26
721 -29
722 -30
723 -19
724 -47
725 -24
726 -35
727 -19
728 -28
729 -34
730 -101
731 -20
732 -18
733 -57
734 -20
735 -46
736 -55
737 -43
738 -28
739 -45
740 -107
741 -105
742 -39
743 -20
744 -21
745 -46
746 -46
747 -21
748 -25
749 -20
750 -37
751 -116
752 -28
753 -22
754 -25
755 -29
756 -23
757 -36
758 -18
759 -26
760 -106
761 -32
762 -103
763 -16
764 -100
765 -34
766 -32
767 -18
768 -20
769 -36
770 -29
771 -20
772 -101
773 -20
774 -18
775 -26
776 -18
777 -19
778 -34
779 -28
780 -36
781 -22
782 -23
783 -101
784 -20
785 -23
786 -129
787 -34
788 -46
789 -126
790 -38
791 -30
792 -37
793 -42
794 -24
795 -23
796 -42
797 -36
798 -38
799 -32
800 -33
801 -24
802 -34
803 -18
804 -28
805 -15
806 -26
807 -38
808 -23
809 -111
810 -19
811 -33
812 -24
813 -27
814 -41
815 -25
816 -33
817 -36
818 -19
819 -38
820 -26
821 -23
822 -20
823 -42
824 -19
825 -17
826 -24
827 -22
828 -24
829 -29
830 -37
831 -102
832 -18
833 -36
834 -32
835 -29
836 -27
837 -24
838 -46
839 -108
840 -23
841 -16
842 -100
843 -23
844 -28
845 -15
846 -33
847 -20
848 -31
849 -35
850 -21
851 -22
852 -35
853 -108
854 -30
855 -31
856 -23
857 -24
858 -27
859 -28
860 -51
861 -100
862 -27
863 -26
864 -34
865 -43
866 -19
867 -43
868 -29
869 -32
870 -27
871 -20
872 -23
873 -23
874 -25
875 -47
876 -24
877 -32
878 -22
879 -25
880 -113
881 -111
882 -22
883 -19
884 -26
885 -28
886 -34
887 -31
888 -104
889 -44
890 -43
891 -30
892 -20
893 -28
894 -121
895 -27
896 -32
897 -28
898 -23
899 -46
900 -33
901 -27
902 -63
903 -40
904 -28
905 -37
906 -16
907 -48
908 -22
909 -29
910 -110
911 -37
912 -23
913 -30
914 -115
915 -33
916 -28
917 -17
918 -27
919 -31
920 -18
921 -29
922 -25
923 -31
924 -30
925 -26
926 -22
927 -30
928 -34
929 -37
930 -23
931 -25
932 -28
933 -100
934 -27
935 -21
936 -33
937 -31
938 -19
939 -23
940 -22
941 -34
942 -27
943 -43
944 -104
945 -38
946 -27
947 -31
948 -32
949 -36
950 -21
951 -24
952 -26
953 -29
954 -21
955 -32
956 -44
957 -32
958 -28
959 -18
960 -34
961 -61
962 -28
963 -46
964 -29
965 -24
966 -100
967 -16
968 -15
969 -22
970 -27
971 -100
972 -43
973 -42
974 -43
975 -26
976 -20
977 -107
978 -18
979 -24
980 -28
981 -23
982 -35
983 -23
984 -20
985 -24
986 -23
987 -100
988 -34
989 -37
990 -100
991 -33
992 -22
993 -31
994 -49
995 -32
996 -31
997 -43
998 -28
999 -23
1000 -118
1001 -27
1002 -101
1003 -32
1004 -101
1005 -27
1006 -24
1007 -24
1008 -19
1009 -28
1010 -29
1011 -30
1012 -26
1013 -23
1014 -47
1015 -36
1016 -29
1017 -23
1018 -39
1019 -26
1020 -34
1021 -31
1022 -21
1023 -39
1024 -48
1025 -33
1026 -24
1027 -36
1028 -22
1029 -17
1030 -24
1031 -19
1032 -100
1033 -48
1034 -55
1035 -22
1036 -45
1037 -24
1038 -27
1039 -27
1040 -31
1041 -24
1042 -23
1043 -30
1044 -25
1045 -100
1046 -28
1047 -43
1048 -37
1049 -101
1050 -22
1051 -103
1052 -100
1053 -22
1054 -28
1055 -31
1056 -32
1057 -39
1058 -21
1059 -42
1060 -33
1061 -34
1062 -41
1063 -17
1064 -55
1065 -39
1066 -16
1067 -23
1068 -28
1069 -33
1070 -28
1071 -36
1072 -36
1073 -31
1074 -28
1075 -27
1076 -23
1077 -40
1078 -107
1079 -46
1080 -22
1081 -32
1082 -71
1083 -29
1084 -36
1085 -37
1086 -36
1087 -19
1088 -22
1089 -42
1090 -23
1091 -33
1092 -120
1093 -37
1094 -100
1095 -105
1096 -56
1097 -57
1098 -117
1099 -19
1100 -103
1101 -28
1102 -28
1103 -34
1104 -21
1105 -62
1106 -25
1107 -23
1108 -48
1109 -27
1110 -31
1111 -62
1112 -38
1113 -55
1114 -38
1115 -28
1116 -25
1117 -17
1118 -38
1119 -34
1120 -25
1121 -21
1122 -20
1123 -31
1124 -23
1125 -18
1126 -43
1127 -37
1128 -38
1129 -22
1130 -44
1131 -136
1132 -30
1133 -24
1134 -19
1135 -38
1136 -106
1137 -42
1138 -32
1139 -15
1140 -35
1141 -29
1142 -33
1143 -29
1144 -21
1145 -38
1146 -40
1147 -40
1148 -25
1149 -32
1150 -22
1151 -24
1152 -16
1153 -20
1154 -29
1155 -23
1156 -25
1157 -27
1158 -22
1159 -18
1160 -39
1161 -26
1162 -25
1163 -26
1164 -125
1165 -15
1166 -26
1167 -19
1168 -41
1169 -21
1170 -33
1171 -20
1172 -23
1173 -43
1174 -28
1175 -19
1176 -40
1177 -26
1178 -25
1179 -36
1180 -17
1181 -55
1182 -118
1183 -22
1184 -29
1185 -24
1186 -37
1187 -26
1188 -34
1189 -25
1190 -29
1191 -45
1192 -18
1193 -111
1194 -103
1195 -25
1196 -24
1197 -23
1198 -23
1199 -28
1200 -23
1201 -28
1202 -22
1203 -37
1204 -21
1205 -25
1206 -30
1207 -50
1208 -29
1209 -28
1210 -117
1211 -42
1212 -19
1213 -23
1214 -23
1215 -104
1216 -28
1217 -15
1218 -20
1219 -26
1220 -41
1221 -24
1222 -33
1223 -35
1224 -103
1225 -48
1226 -102
1227 -23
1228 -109
1229 -101
1230 -31
1231 -36
1232 -29
1233 -36
1234 -28
1235 -18
1236 -24
1237 -16
1238 -25
1239 -100
1240 -100
1241 -22
1242 -27
1243 -110
1244 -21
1245 -41
1246 -22
1247 -30
1248 -29
1249 -133
1250 -33
1251 -37
1252 -24
1253 -31
1254 -63
1255 -100
1256 -21
1257 -32
1258 -110
1259 -29
1260 -101
1261 -26
1262 -43
1263 -39
1264 -111
1265 -113
1266 -23
1267 -103
1268 -34
1269 -100
1270 -35
1271 -47
1272 -30
1273 -20
1274 -19
1275 -20
1276 -39
1277 -21
1278 -20
1279 -23
1280 -23
1281 -100
1282 -27
1283 -100
1284 -21
1285 -28
1286 -102
1287 -24
1288 -25
1289 -21
1290 -29
1291 -30
1292 -24
1293 -101
1294 -23
1295 -100
1296 -29
1297 -30
1298 -103
1299 -23
1300 -20
1301 -22
1302 -44
1303 -24
1304 -40
1305 -25
1306 -25
1307 -101
1308 -38
1309 -25
1310 -16
1311 -31
1312 -33
1313 -20
1314 -31
1315 -38
1316 -32
1317 -24
1318 -37
1319 -32
1320 -18
1321 -27
1322 -30
1323 -63
1324 -31
1325 -31
1326 -33
1327 -107
1328 -107
1329 -30
1330 -57
1331 -20
1332 -25
1333 -36
1334 -26
1335 -54
1336 -30
1337 -34
1338 -40
1339 -112
1340 -33
1341 -34
1342 -29
1343 -35
1344 -22
1345 -25
1346 -109
1347 -44
1348 -36
1349 -22
1350 -34
1351 -24
1352 -30
1353 -37
1354 -39
1355 -23
1356 -24
1357 -38
1358 -25
1359 -102
1360 -23
1361 -24
1362 -44
1363 -29
1364 -31
1365 -17
1366 -26
1367 -19
1368 -29
1369 -113
1370 -35
1371 -102
1372 -20
1373 -22
1374 -30
1375 -36
1376 -100
1377 -29
1378 -26
1379 -33
1380 -28
1381 -58
1382 -29
1383 -126
1384 -56
1385 -57
1386 -48
1387 -25
1388 -26
1389 -19
1390 -117
1391 -30
1392 -21
1393 -48
1394 -35
1395 -16
1396 -38
1397 -33
1398 -28
1399 -18
1400 -26
1401 -23
1402 -29
1403 -26
1404 -40
1405 -29
1406 -32
1407 -32
1408 -105
1409 -29
1410 -29
1411 -29
1412 -26
1413 -108
1414 -33
1415 -118
1416 -21
1417 -38
1418 -28
1419 -20
1420 -74
1421 -33
1422 -17
1423 -40
1424 -100
1425 -104
1426 -24
1427 -43
1428 -51
1429 -34
1430 -50
1431 -101
1432 -27
1433 -39
1434 -17
1435 -30
1436 -25
1437 -36
1438 -30
1439 -19
1440 -50
1441 -19
1442 -101
1443 -27
1444 -24
1445 -111
1446 -101
1447 -36
1448 -30
1449 -39
1450 -31
1451 -29
1452 -25
1453 -34
1454 -17
1455 -22
1456 -34
1457 -35
1458 -50
1459 -36
1460 -28
1461 -152
1462 -108
1463 -41
1464 -22
1465 -103
1466 -22
1467 -20
1468 -35
1469 -28
1470 -24
1471 -112
1472 -37
1473 -36
1474 -25
1475 -35
1476 -32
1477 -110
1478 -28
1479 -32
1480 -100
1481 -28
1482 -20
1483 -52
1484 -28
1485 -19
1486 -47
1487 -29
1488 -35
1489 -41
1490 -31
1491 -31
1492 -32
1493 -32
1494 -35
1495 -25
1496 -23
1497 -51
1498 -103
1499 -23
1500 -25
1501 -36
1502 -37
1503 -20
1504 -103
1505 -16
1506 -26
1507 -41
1508 -130
1509 -61
1510 -32
1511 -24
1512 -32
1513 -30
1514 -22
1515 -19
1516 -25
1517 -28
1518 -39
1519 -33
1520 -64
1521 -27
1522 -18
1523 -115
1524 -27
1525 -48
1526 -28
1527 -26
1528 -36
1529 -41
1530 -26
1531 -24
1532 -16
1533 -51
1534 -41
1535 -51
1536 -31
1537 -19
1538 -47
1539 -16
1540 -19
1541 -36
1542 -28
1543 -27
1544 -25
1545 -20
1546 -15
1547 -47
1548 -22
1549 -25
1550 -44
1551 -100
1552 -18
1553 -21
1554 -28
1555 -27
1556 -16
1557 -104
1558 -30
1559 -45
1560 -24
1561 -21
1562 -28
1563 -30
1564 -33
1565 -26
1566 -18
1567 -20
1568 -25
1569 -39
1570 -27
1571 -33
1572 -30
1573 -27
1574 -44
1575 -34
1576 -20
1577 -29
1578 -29
1579 -108
1580 -24
1581 -38
1582 -19
1583 -21
1584 -31
1585 -29
1586 -100
1587 -25
1588 -108
1589 -27
1590 -21
1591 -22
1592 -50
1593 -22
1594 -22
1595 -19
1596 -23
1597 -101
1598 -55
1599 -108
1600 -38
1601 -26
1602 -39
1603 -100
1604 -46
1605 -35
1606 -27
1607 -31
1608 -25
1609 -29
1610 -36
1611 -39
1612 -36
1613 -36
1614 -42
1615 -49
1616 -126
1617 -43
1618 -31
1619 -33
1620 -34
1621 -32
1622 -26
1623 -43
1624 -36
1625 -22
1626 -102
1627 -36
1628 -27
1629 -38
1630 -25
1631 -100
1632 -32
1633 -29
1634 -29
1635 -105
1636 -31
1637 -104
1638 -27
1639 -41
1640 -21
1641 -23
1642 -100
1643 -22
1644 -27
1645 -19
1646 -18
1647 -22
1648 -22
1649 -21
1650 -29
1651 -20
1652 -34
1653 -26
1654 -101
1655 -31
1656 -27
1657 -36
1658 -18
1659 -35
1660 -28
1661 -21
1662 -17
1663 -17
1664 -18
1665 -21
1666 -101
1667 -22
1668 -48
1669 -103
1670 -40
1671 -21
1672 -26
1673 -26
1674 -44
1675 -29
1676 -20
1677 -31
1678 -40
1679 -18
1680 -21
1681 -22
1682 -27
1683 -28
1684 -50
1685 -25
1686 -114
1687 -36
1688 -30
1689 -30
1690 -38
1691 -41
1692 -26
1693 -130
1694 -24
1695 -30
1696 -20
1697 -32
1698 -48
1699 -28
1700 -23
1701 -27
1702 -20
1703 -27
1704 -24
1705 -100
1706 -19
1707 -34
1708 -104
1709 -32
1710 -118
1711 -19
1712 -25
1713 -27
1714 -41
1715 -102
1716 -52
1717 -20
1718 -32
1719 -37
1720 -25
1721 -30
1722 -33
1723 -38
1724 -24
1725 -27
1726 -40
1727 -26
1728 -27
1729 -28
1730 -100
1731 -46
1732 -108
1733 -24
1734 -123
1735 -42
1736 -28
1737 -30
1738 -26
1739 -31
1740 -103
1741 -38
1742 -30
1743 -27
1744 -51
1745 -48
1746 -30
1747 -28
1748 -123
1749 -111
1750 -37
1751 -31
1752 -129
1753 -21
1754 -16
1755 -36
1756 -34
1757 -27
1758 -37
1759 -28
1760 -21
1761 -20
1762 -37
1763 -110
1764 -127
1765 -33
1766 -21
1767 -24
1768 -21
1769 -35
1770 -16
1771 -114
1772 -27
1773 -30
1774 -54
1775 -47
1776 -26
1777 -27
1778 -41
1779 -26
1780 -24
1781 -28
1782 -19
1783 -25
1784 -29
1785 -30
1786 -19
1787 -36
1788 -25
1789 -19
1790 -18
1791 -33
1792 -20
1793 -21
1794 -19
1795 -35
1796 -24
1797 -100
1798 -26
1799 -106
1800 -29
1801 -40
1802 -19
1803 -22
1804 -53
1805 -26
1806 -103
1807 -103
1808 -24
1809 -36
1810 -104
1811 -24
1812 -32
1813 -23
1814 -27
1815 -27
1816 -47
1817 -21
1818 -30
1819 -20
1820 -116
1821 -22
1822 -31
1823 -20
1824 -62
1825 -34
1826 -38
1827 -23
1828 -22
1829 -33
1830 -105
1831 -21
1832 -26
1833 -25
1834 -21
1835 -23
1836 -17
1837 -42
1838 -33
1839 -34
1840 -37
1841 -26
1842 -28
1843 -46
1844 -26
1845 -19
1846 -44
1847 -33
1848 -31
1849 -30
1850 -18
1851 -22
1852 -27
1853 -28
1854 -37
1855 -102
1856 -22
1857 -110
1858 -23
1859 -30
1860 -43
1861 -33
1862 -25
1863 -25
1864 -32
1865 -39
1866 -36
1867 -21
1868 -104
1869 -24
1870 -24
1871 -27
1872 -21
1873 -21
1874 -31
1875 -16
1876 -36
1877 -23
1878 -36
1879 -27
1880 -34
1881 -30
1882 -27
1883 -24
1884 -29
1885 -31
1886 -20
1887 -22
1888 -22
1889 -26
1890 -43
1891 -123
1892 -109
1893 -25
1894 -24
1895 -39
1896 -27
1897 -38
1898 -63
1899 -103
1900 -20
1901 -33
1902 -31
1903 -20
1904 -33
1905 -32
1906 -40
1907 -102
1908 -51
1909 -20
1910 -21
1911 -29
1912 -42
1913 -20
1914 -29
1915 -33
1916 -33
1917 -29
1918 -21
1919 -28
1920 -40
1921 -25
1922 -22
1923 -102
1924 -22
1925 -42
1926 -102
1927 -39
1928 -38
1929 -19
1930 -22
1931 -100
1932 -46
1933 -26
1934 -41
1935 -22
1936 -23
1937 -38
1938 -28
1939 -30
1940 -26
1941 -34
1942 -17
1943 -39
1944 -35
1945 -28
1946 -30
1947 -30
1948 -34
1949 -41
1950 -28
1951 -87
1952 -51
1953 -102
1954 -41
1955 -22
1956 -24
1957 -18
1958 -25
1959 -35
1960 -26
1961 -41
1962 -57
1963 -55
1964 -25
1965 -41
1966 -24
1967 -34
1968 -17
1969 -38
1970 -28
1971 -22
1972 -28
1973 -35
1974 -33
1975 -23
1976 -30
1977 -32
1978 -28
1979 -20
1980 -23
1981 -20
1982 -121
1983 -17
1984 -21
1985 -41
1986 -25
1987 -31
1988 -110
1989 -31
1990 -26
1991 -24
1992 -21
1993 -33
1994 -24
1995 -37
1996 -20
1997 -50
1998 -29
1999 -20
2000 -41
2001 -18
2002 -37
2003 -101
2004 -27
2005 -23
2006 -23
2007 -21
2008 -26
2009 -26
2010 -22
2011 -23
2012 -23
2013 -49
2014 -132
2015 -111
2016 -24
2017 -42
2018 -25
2019 -31
2020 -27
2021 -45
2022 -19
2023 -41
2024 -45
2025 -28
2026 -25
2027 -29
2028 -24
2029 -23
2030 -26
2031 -26
2032 -18
2033 -20
2034 -31
2035 -17
2036 -38
2037 -31
2038 -22
2039 -31
2040 -23
2041 -23
2042 -36
2043 -106
2044 -28
2045 -19
2046 -37
2047 -22
2048 -17
2049 -25
2050 -31
2051 -15
2052 -100
2053 -112
2054 -27
2055 -110
2056 -24
2057 -27
2058 -26
2059 -33
2060 -28
2061 -34
2062 -46
2063 -57
2064 -24
2065 -102
2066 -57
2067 -40
2068 -26
2069 -23
2070 -33
2071 -24
2072 -39
2073 -102
2074 -20
2075 -20
2076 -28
2077 -117
2078 -27
2079 -36
2080 -20
2081 -32
2082 -27
2083 -21
2084 -27
2085 -19
2086 -25
2087 -102
2088 -29
2089 -45
2090 -26
2091 -44
2092 -34
2093 -28
2094 -24
2095 -22
2096 -37
2097 -42
2098 -63
2099 -107
2100 -23
2101 -22
2102 -41
2103 -23
2104 -34
2105 -40
2106 -34
2107 -42
2108 -20
2109 -31
2110 -49
2111 -32
2112 -29
2113 -27
2114 -118
2115 -38
2116 -18
2117 -29
2118 -22
2119 -22
2120 -35
2121 -28
2122 -22
2123 -40
2124 -24
2125 -38
2126 -111
2127 -30
2128 -27
2129 -40
2130 -21
2131 -33
2132 -21
2133 -49
2134 -30
2135 -28
2136 -30
2137 -37
2138 -23
2139 -23
2140 -136
2141 -25
2142 -20
2143 -32
2144 -27
2145 -32
2146 -27
2147 -31
2148 -20
2149 -21
2150 -100
2151 -120
2152 -19
2153 -34
2154 -21
2155 -106
2156 -102
2157 -28
2158 -118
2159 -33
2160 -105
2161 -64
2162 -28
2163 -39
2164 -24
2165 -53
2166 -18
2167 -39
2168 -24
2169 -102
2170 -42
2171 -26
2172 -27
2173 -23
2174 -22
2175 -42
2176 -21
2177 -60
2178 -26
2179 -27
2180 -33
2181 -25
2182 -120
2183 -33
2184 -40
2185 -23
2186 -20
2187 -29
2188 -22
2189 -22
2190 -40
2191 -34
2192 -49
2193 -63
2194 -17
2195 -36
2196 -54
2197 -105
2198 -29
2199 -30
2200 -46
2201 -33
2202 -30
2203 -25
2204 -25
2205 -16
2206 -23
2207 -40
2208 -20
2209 -33
2210 -35
2211 -111
2212 -20
2213 -27
2214 -34
2215 -17
2216 -32
2217 -37
2218 -119
2219 -102
2220 -20
2221 -27
2222 -27
2223 -19
2224 -27
2225 -45
2226 -34
2227 -28
2228 -31
2229 -44
2230 -29
2231 -32
2232 -47
2233 -26
2234 -23
2235 -22
2236 -44
2237 -34
2238 -38
2239 -54
2240 -17
2241 -19
2242 -123
2243 -26
2244 -17
2245 -17
2246 -103
2247 -31
2248 -33
2249 -105
2250 -24
2251 -19
2252 -27
2253 -28
2254 -33
2255 -22
2256 -35
2257 -26
2258 -31
2259 -115
2260 -37
2261 -23
2262 -100
2263 -20
2264 -29
2265 -30
2266 -24
2267 -121
2268 -44
2269 -53
2270 -19
2271 -26
2272 -20
2273 -26
2274 -30
2275 -25
2276 -41
2277 -18
2278 -55
2279 -45
2280 -20
2281 -24
2282 -33
2283 -38
2284 -100
2285 -32
2286 -102
2287 -17
2288 -23
2289 -25
2290 -23
2291 -37
2292 -39
2293 -24
2294 -39
2295 -25
2296 -26
2297 -30
2298 -45
2299 -23
2300 -19
2301 -45
2302 -104
2303 -31
2304 -50
2305 -42
2306 -21
2307 -32
2308 -35
2309 -29
2310 -26
2311 -35
2312 -105
2313 -35
2314 -28
2315 -33
2316 -29
2317 -101
2318 -27
2319 -51
2320 -26
2321 -20
2322 -22
2323 -31
2324 -30
2325 -20
2326 -24
2327 -56
2328 -107
2329 -40
2330 -46
2331 -42
2332 -22
2333 -100
2334 -23
2335 -132
2336 -102
2337 -38
2338 -21
2339 -23
2340 -27
2341 -27
2342 -17
2343 -109
2344 -24
2345 -22
2346 -35
2347 -41
2348 -18
2349 -37
2350 -25
2351 -23
2352 -102
2353 -21
2354 -34
2355 -45
2356 -33
2357 -24
2358 -27
2359 -27
2360 -26
2361 -27
2362 -28
2363 -28
2364 -45
2365 -42
2366 -29
2367 -39
2368 -34
2369 -19
2370 -16
2371 -27
2372 -32
2373 -32
2374 -24
2375 -16
2376 -30
2377 -19
2378 -19
2379 -46
2380 -21
2381 -19
2382 -25
2383 -58
2384 -24
2385 -31
2386 -123
2387 -45
2388 -30
2389 -46
2390 -119
2391 -32
2392 -25
2393 -34
2394 -25
2395 -24
2396 -21
2397 -32
2398 -29
2399 -34
2400 -32
2401 -35
2402 -30
2403 -33
2404 -33
2405 -107
2406 -108
2407 -39
2408 -104
2409 -26
2410 -36
2411 -19
2412 -34
2413 -29
2414 -28
2415 -41
2416 -30
2417 -44
2418 -32
2419 -36
2420 -22
2421 -19
2422 -15
2423 -35
2424 -18
2425 -37
2426 -100
2427 -22
2428 -18
2429 -20
2430 -25
2431 -28
2432 -48
2433 -20
2434 -20
2435 -27
2436 -24
2437 -23
2438 -35
2439 -106
2440 -19
2441 -33
2442 -30
2443 -31
2444 -20
2445 -101
2446 -112
2447 -24
2448 -30
2449 -29
2450 -23
2451 -32
2452 -22
2453 -23
2454 -24
2455 -37
2456 -40
2457 -113
2458 -29
2459 -37
2460 -27
2461 -24
2462 -103
2463 -20
2464 -29
2465 -20
2466 -21
2467 -23
2468 -22
2469 -52
2470 -22
2471 -16
2472 -20
2473 -16
2474 -17
2475 -20
2476 -100
2477 -34
2478 -22
2479 -26
2480 -105
2481 -44
2482 -23
2483 -24
2484 -38
2485 -23
2486 -43
2487 -105
2488 -24
2489 -54
2490 -23
2491 -20
2492 -40
2493 -32
2494 -32
2495 -26
2496 -31
2497 -31
2498 -19
2499 -124
2500 -27
2501 -25
2502 -19
2503 -106
2504 -26
2505 -23
2506 -33
2507 -32
2508 -28
2509 -21
2510 -43
2511 -35
2512 -30
2513 -18
2514 -31
2515 -21
2516 -35
2517 -27
2518 -30
2519 -18
2520 -19
2521 -21
2522 -25
2523 -25
2524 -21
2525 -18
2526 -20
2527 -100
2528 -104
2529 -36
2530 -31
2531 -23
2532 -24
2533 -35
2534 -106
2535 -30
2536 -109
2537 -19
2538 -32
2539 -26
2540 -24
2541 -26
2542 -26
2543 -40
2544 -48
2545 -24
2546 -20
2547 -23
2548 -43
2549 -29
2550 -28
2551 -30
2552 -31
2553 -101
2554 -23
2555 -27
2556 -32
2557 -28
2558 -31
2559 -31
2560 -41
2561 -23
2562 -34
2563 -24
2564 -109
2565 -30
2566 -40
2567 -23
2568 -23
2569 -19
2570 -33
2571 -55
2572 -24
2573 -26
2574 -101
2575 -22
2576 -29
2577 -42
2578 -22
2579 -24
2580 -19
2581 -17
2582 -18
2583 -112
2584 -25
2585 -107
2586 -28
2587 -35
2588 -26
2589 -17
2590 -20
2591 -22
2592 -22
2593 -23
2594 -27
2595 -26
2596 -26
2597 -20
2598 -20
2599 -20
2600 -100
2601 -44
2602 -36
2603 -29
2604 -24
2605 -19
2606 -22
2607 -33
2608 -48
2609 -107
2610 -106
2611 -30
2612 -29
2613 -38
2614 -112
2615 -34
2616 -22
2617 -18
2618 -17
2619 -25
2620 -25
2621 -24
2622 -16
2623 -100
2624 -23
2625 -36
2626 -16
2627 -34
2628 -36
2629 -35
2630 -32
2631 -48
2632 -31
2633 -107
2634 -69
2635 -55
2636 -18
2637 -23
2638 -18
2639 -19
2640 -21
2641 -22
2642 -23
2643 -30
2644 -21
2645 -28
2646 -25
2647 -20
2648 -35
2649 -27
2650 -24
2651 -31
2652 -27
2653 -42
2654 -26
2655 -25
2656 -41
2657 -30
2658 -29
2659 -103
2660 -24
2661 -42
2662 -20
2663 -37
2664 -34
2665 -22
2666 -25
2667 -107
2668 -34
2669 -101
2670 -23
2671 -21
2672 -15
2673 -24
2674 -28
2675 -22
2676 -19
2677 -25
2678 -23
2679 -30
2680 -26
2681 -25
2682 -108
2683 -22
2684 -22
2685 -19
2686 -18
2687 -35
2688 -57
2689 -31
2690 -23
2691 -27
2692 -27
2693 -40
2694 -21
2695 -61
2696 -20
2697 -23
2698 -25
2699 -103
2700 -46
2701 -36
2702 -105
2703 -23
2704 -35
2705 -105
2706 -37
2707 -24
2708 -19
2709 -25
2710 -45
2711 -47
2712 -17
2713 -17
2714 -36
2715 -17
2716 -24
2717 -23
2718 -21
2719 -100
2720 -30
2721 -126
2722 -18
2723 -114
2724 -49
2725 -22
2726 -100
2727 -15
2728 -38
2729 -31
2730 -48
2731 -19
2732 -22
2733 -32
2734 -103
2735 -27
2736 -36
2737 -27
2738 -26
2739 -21
2740 -19
2741 -42
2742 -51
2743 -34
2744 -28
2745 -102
2746 -102
2747 -101
2748 -27
2749 -40
2750 -25
2751 -50
2752 -29
2753 -23
2754 -32
2755 -20
2756 -21
2757 -27
2758 -34
2759 -38
2760 -39
2761 -41
2762 -104
2763 -22
2764 -43
2765 -42
2766 -21
2767 -100
2768 -108
2769 -22
2770 -27
2771 -27
2772 -41
2773 -29
2774 -16
2775 -50
2776 -22
2777 -29
2778 -22
2779 -36
2780 -25
2781 -101
2782 -38
2783 -26
2784 -26
2785 -29
2786 -39
2787 -31
2788 -21
2789 -40
2790 -19
2791 -33
2792 -25
2793 -115
2794 -22
2795 -47
2796 -22
2797 -40
2798 -47
2799 -120
2800 -20
2801 -31
2802 -30
2803 -21
2804 -19
2805 -123
2806 -36
2807 -20
2808 -26
2809 -28
2810 -27
2811 -29
2812 -29
2813 -24
2814 -119
2815 -43
2816 -30
2817 -17
2818 -35
2819 -19
2820 -26
2821 -19
2822 -31
2823 -29
2824 -17
2825 -127
2826 -36
2827 -101
2828 -42
2829 -38
2830 -35
2831 -28
2832 -30
2833 -19
2834 -100
2835 -30
2836 -31
2837 -100
2838 -28
2839 -31
2840 -22
2841 -23
2842 -24
2843 -51
2844 -27
2845 -23
2846 -20
2847 -27
2848 -17
2849 -37
2850 -101
2851 -29
2852 -23
2853 -36
2854 -23
2855 -29
2856 -32
2857 -34
2858 -43
2859 -104
2860 -31
2861 -100
2862 -30
2863 -31
2864 -20
2865 -28
2866 -28
2867 -33
2868 -30
2869 -21
2870 -29
2871 -27
2872 -109
2873 -21
2874 -49
2875 -25
2876 -24
2877 -25
2878 -39
2879 -23
2880 -26
2881 -17
2882 -24
2883 -108
2884 -26
2885 -28
2886 -23
2887 -33
2888 -62
2889 -25
2890 -20
2891 -19
2892 -115
2893 -29
2894 -26
2895 -24
2896 -31
2897 -39
2898 -42
2899 -29
2900 -42
2901 -21
2902 -39
2903 -26
2904 -21
2905 -19
2906 -43
2907 -15
2908 -24
2909 -23
2910 -25
2911 -33
2912 -29
2913 -29
2914 -19
2915 -46
2916 -34
2917 -24
2918 -116
2919 -27
2920 -27
2921 -25
2922 -27
2923 -22
2924 -50
2925 -20
2926 -24
2927 -23
2928 -28
2929 -34
2930 -32
2931 -43
2932 -26
2933 -23
2934 -21
2935 -32
2936 -27
2937 -126
2938 -39
2939 -36
2940 -27
2941 -29
2942 -27
2943 -38
2944 -24
2945 -103
2946 -34
2947 -102
2948 -43
2949 -46
2950 -24
2951 -33
2952 -21
2953 -21
2954 -101
2955 -29
2956 -35
2957 -28
2958 -20
2959 -24
2960 -28
2961 -150
2962 -25
2963 -26
2964 -45
2965 -35
2966 -35
2967 -41
2968 -16
2969 -102
2970 -118
2971 -32
2972 -30
2973 -24
2974 -26
2975 -37
2976 -35
2977 -15
2978 -27
2979 -22
2980 -24
2981 -114
2982 -57
2983 -43
2984 -37
2985 -24
2986 -106
2987 -28
2988 -110
2989 -20
2990 -21
2991 -35
2992 -33
2993 -29
2994 -101
2995 -103
2996 -16
2997 -27
2998 -30
2999 -44
