0 -114
1 -100
2 -104
3 -104
4 -110
5 -108
6 -100
7 -103
8 -102
9 -102
10 -101
11 -102
12 -100
13 -102
14 -105
15 -100
16 -103
17 -163
18 -100
19 -104
20 -105
21 -103
22 -101
23 -113
24 -103
25 -100
26 -102
27 -173
28 -105
29 -117
30 -122
31 -117
32 -100
33 -109
34 -100
35 -102
36 -102
37 -110
38 -105
39 -102
40 -101
41 -100
42 -148
43 -101
44 -102
45 -108
46 -101
47 -100
48 -106
49 -141
50 -109
51 -100
52 -117
53 -100
54 -100
55 -166
56 -100
57 -101
58 -100
59 -109
60 -139
61 -119
62 -101
63 -126
64 -101
65 -113
66 -100
67 -107
68 -111
69 -106
70 -100
71 -104
72 -101
73 -100
74 -104
75 -127
76 -100
77 -100
78 -100
79 -101
80 -100
81 -113
82 -104
83 -100
84 -102
85 -100
86 -101
87 -100
88 -106
89 -104
90 -100
91 -100
92 -110
93 -106
94 -101
95 -100
96 -144
97 -102
98 -113
99 -102
100 -111
101 -104
102 -100
103 -100
104 -114
105 -139
106 -100
107 -113
108 -100
109 -103
110 -120
111 -103
112 -133
113 -100
114 -144
115 -105
116 -109
117 -107
118 -102
119 -100
120 -157
121 -102
122 -111
123 -101
124 -102
125 -110
126 -129
127 -107
128 -100
129 -119
130 -106
131 -103
132 -100
133 -100
134 -122
135 -101
136 -150
137 -102
138 -232
139 -100
140 -107
141 -100
142 -111
143 -123
144 -100
145 -144
146 -112
147 -100
148 -102
149 -107
150 -124
151 -103
152 -166
153 -142
154 -161
155 -105
156 -152
157 -100
158 -114
159 -125
160 -108
161 -101
162 -144
163 -100
164 -148
165 -162
166 -103
167 -100
168 -101
169 -101
170 -103
171 -121
172 -101
173 -101
174 -120
175 -100
176 -108
177 -103
178 -105
179 -102
180 -101
181 -111
182 -102
183 -101
184 -124
185 -103
186 -108
187 -113
188 -101
189 -139
190 -100
191 -158
192 -102
193 -106
194 -108
195 -100
196 -100
197 -100
198 -102
199 -100
200 -125
201 -102
202 -100
203 -127
204 -103
205 -100
206 -102
207 -102
208 -117
209 -103
210 -100
211 -108
212 -100
213 -104
214 -103
215 -108
216 -101
217 -100
218 -103
219 -168
220 -104
221 -101
222 -101
223 -105
224 -100
225 -101
226 -100
227 -102
228 -110
229 -100
230 -105
231 -104
232 -100
233 -101
234 -108
235 -100
236 -126
237 -135
238 -100
239 -121
240 -100
241 -101
242 -100
243 -101
244 -111
245 -100
246 -102
247 -100
248 -100
249 -117
250 -104
251 -102
252 -103
253 -103
254 -103
255 -134
256 -100
257 -101
258 -100
259 -129
260 -102
261 -114
262 -100
263 -103
264 -100
265 -128
266 -126
267 -100
268 -116
269 -104
270 -101
271 -100
272 -102
273 -106
274 -104
275 -100
276 -154
277 -125
278 -144
279 -105
280 -109
281 -100
282 -174
283 -103
284 -101
285 -112
286 -101
287 -101
288 -103
289 -101
290 -146
291 -106
292 -100
293 -106
294 -102
295 -101
296 -100
297 -105
298 -109
299 -103
300 -100
301 -103
302 -110
303 -103
304 -122
305 -100
306 -100
307 -100
308 -102
309 -101
310 -136
311 -106
312 -156
313 -100
314 -100
315 -104
316 -100
317 -104
318 -104
319 -113
320 -118
321 -109
322 -101
323 -100
324 -100
325 -105
326 -100
327 -129
328 -101
329 -141
330 -129
331 -140
332 -106
333 -101
334 -116
335 -101
336 -100
337 -140
338 -101
339 -100
340 -105
341 -100
342 -104
343 -101
344 -102
345 -113
346 -100
347 -100
348 -109
349 -100
350 -136
351 -120
352 -102
353 -106
354 -102
355 -100
356 -101
357 -105
358 -105
359 -100
360 -103
361 -114
362 -104
363 -135
364 -101
365 -101
366 -148
367 -102
368 -116
369 -114
370 -100
371 -100
372 -134
373 -102
374 -113
375 -109
376 -105
377 -189
378 -102
379 -109
380 -129
381 -100
382 -101
383 -102
384 -110
385 -106
386 -100
387 -128
388 -101
389 -143
390 -102
391 -134
392 -132
393 -100
394 -103
395 -103
396 -100
397 -148
398 -102
399 -100
400 -100
401 -109
402 -199
403 -100
404 -118
405 -103
406 -112
407 -100
408 -102
409 -100
410 -102
411 -104
412 -100
413 -100
414 -101
415 -101
416 -130
417 -113
418 -123
419 -102
420 -122
421 -146
422 -101
423 -104
424 -101
425 -100
426 -200
427 -100
428 -100
429 -103
430 -100
431 -185
432 -181
433 -100
434 -100
435 -110
436 -101
437 -102
438 -148
439 -164
440 -101
441 -103
442 -100
443 -115
444 -100
445 -104
446 -101
447 -102
448 -100
449 -100
450 -102
451 -185
452 -100
453 -100
454 -100
455 -107
456 -100
457 -101
458 -100
459 -101
460 -107
461 -128
462 -100
463 -100
464 -103
465 -100
466 -102
467 -117
468 -109
469 -104
470 -100
471 -101
472 -100
473 -103
474 -112
475 -102
476 -110
477 -101
478 -117
479 -104
480 -117
481 -123
482 -103
483 -112
484 -112
485 -100
486 -109
487 -102
488 -100
489 -123
490 -101
491 -128
492 -100
493 -101
494 -125
495 -100
496 -103
497 -101
498 -100
499 -101
500 -102
501 -110
502 -106
503 -114
504 -101
505 -103
506 -100
507 -100
508 -100
509 -102
510 -139
511 -100
512 -102
513 -115
514 -106
515 -102
516 -111
517 -100
518 -275
519 -106
520 -101
521 -104
522 -107
523 -113
524 -134
525 -102
526 -128
527 -100
528 -100
529 -105
530 -105
531 -102
532 -101
533 -113
534 -140
535 -105
536 -122
537 -102
538 -178
539 -102
540 -103
541 -106
542 -100
543 -107
544 -122
545 -100
546 -108
547 -100
548 -123
549 -108
550 -100
551 -100
552 -101
553 -108
554 -102
555 -100
556 -111
557 -100
558 -100
559 -100
560 -147
561 -100
562 -102
563 -100
564 -128
565 -131
566 -100
567 -111
568 -140
569 -100
570 -102
571 -153
572 -100
573 -100
574 -102
575 -102
576 -102
577 -107
578 -154
579 -115
580 -106
581 -170
582 -106
583 -143
584 -112
585 -100
586 -100
587 -126
588 -100
589 -100
590 -103
591 -104
592 -129
593 -105
594 -103
595 -101
596 -100
597 -100
598 -109
599 -101
600 -105
601 -102
602 -106
603 -100
604 -100
605 -115
606 -100
607 -119
608 -104
609 -100
610 -107
611 -108
612 -104
613 -101
614 -106
615 -100
616 -102
617 -103
618 -108
619 -100
620 -101
621 -100
622 -105
623 -101
624 -130
625 -104
626 -102
627 -110
628 -105
629 -100
630 -100
631 -115
632 -103
633 -100
634 -100
635 -110
636 -104
637 -100
638 -102
639 -100
640 -101
641 -109
642 -101
643 -125
644 -138
645 -104
646 -170
647 -143
648 -109
649 -108
650 -111
651 -101
652 -116
653 -105
654 -104
655 -102
656 -100
657 -100
658 -105
659 -101
660 -103
661 -103
662 -135
663 -101
664 -100
665 -114
666 -100
667 -100
668 -100
669 -101
670 -101
671 -101
672 -100
673 -100
674 -100
675 -102
676 -106
677 -100
678 -146
679 -126
680 -101
681 -101
682 -101
683 -101
684 -103
685 -106
686 -107
687 -103
688 -109
689 -100
690 -101
691 -100
692 -100
693 -106
694 -100
695 -131
696 -107
697 -128
698 -102
699 -101
700 -112
701 -100
702 -100
703 -115
704 -115
705 -101
706 -101
707 -104
708 -101
709 -101
710 -100
711 -105
712 -136
713 -101
714 -100
715 -101
716 -104
717 -104
718 -101
719 -104
720 -100
721 -101
722 -100
723 -109
724 -121
725 -102
726 -104
727 -100
728 -102
729 -106
730 -100
731 -109
732 -107
733 -100
734 -100
735 -100
736 -100
737 -103
738 -152
739 -100
740 -108
741 -175
742 -125
743 -100
744 -120
745 -104
746 -101
747 -153
748 -100
749 -100
750 -106
751 -100
752 -104
753 -162
754 -107
755 -107
756 -126
757 -107
758 -103
759 -104
760 -102
761 -100
762 -102
763 -100
764 -107
765 -132
766 -100
767 -104
768 -104
769 -100
770 -101
771 -107
772 -105
773 -100
774 -100
775 -102
776 -102
777 -112
778 -100
779 -100
780 -100
781 -103
782 -149
783 -107
784 -101
785 -108
786 -160
787 -100
788 -117
789 -100
790 -100
791 -101
792 -129
793 -101
794 -106
795 -100
796 -115
797 -101
798 -103
799 -101
800 -117
801 -101
802 -112
803 -100
804 -100
805 -100
806 -107
807 -106
808 -100
809 -100
810 -133
811 -107
812 -110
813 -102
814 -112
815 -114
816 -121
817 -105
818 -101
819 -104
820 -100
821 -110
822 -100
823 -100
824 -143
825 -100
826 -101
827 -100
828 -100
829 -140
830 -100
831 -100
832 -101
833 -143
834 -100
835 -120
836 -134
837 -100
838 -100
839 -108
840 -100
841 -110
842 -101
843 -101
844 -107
845 -100
846 -160
847 -100
848 -108
849 -131
850 -115
851 -100
852 -104
853 -102
854 -100
855 -111
856 -100
857 -131
858 -103
859 -119
860 -105
861 -107
862 -123
863 -101
864 -111
865 -103
866 -107
867 -107
868 -100
869 -120
870 -100
871 -100
872 -102
873 -100
874 -100
875 -101
876 -105
877 -102
878 -135
879 -111
880 -128
881 -161
882 -103
883 -106
884 -107
885 -100
886 -101
887 -112
888 -100
889 -102
890 -100
891 -100
892 -101
893 -104
894 -111
895 -101
896 -100
897 -102
898 -112
899 -100
900 -100
901 -101
902 -105
903 -145
904 -104
905 -100
906 -101
907 -103
908 -100
909 -100
910 -107
911 -106
912 -107
913 -102
914 -114
915 -101
916 -101
917 -104
918 -111
919 -106
920 -100
921 -105
922 -100
923 -100
924 -106
925 -101
926 -105
927 -100
928 -100
929 -106
930 -151
931 -112
932 -100
933 -105
934 -100
935 -107
936 -104
937 -102
938 -100
939 -122
940 -116
941 -165
942 -114
943 -142
944 -110
945 -118
946 -144
947 -118
948 -121
949 -100
950 -107
951 -100
952 -100
953 -100
954 -111
955 -100
956 -107
957 -134
958 -103
959 -116
960 -108
961 -102
962 -102
963 -100
964 -101
965 -126
966 -104
967 -109
968 -173
969 -105
970 -129
971 -106
972 -128
973 -100
974 -100
975 -107
976 -100
977 -109
978 -101
979 -108
980 -117
981 -100
982 -105
983 -100
984 -109
985 -101
986 -101
987 -100
988 -101
989 -103
990 -103
991 -103
992 -107
993 -101
994 -100
995 -100
996 -105
997 -100
998 -134
999 -102
1000 -106
1001 -118
1002 -100
1003 -123
1004 -100
1005 -105
1006 -103
1007 -110
1008 -109
1009 -110
1010 -104
1011 -101
1012 -123
1013 -100
1014 -102
1015 -100
1016 -102
1017 -102
1018 -101
1019 -142
1020 -117
1021 -100
1022 -100
1023 -103
1024 -100
1025 -102
1026 -104
1027 -114
1028 -104
1029 -102
1030 -120
1031 -109
1032 -101
1033 -102
1034 -100
1035 -106
1036 -103
1037 -109
1038 -102
1039 -102
1040 -118
1041 -102
1042 -108
1043 -107
1044 -103
1045 -131
1046 -100
1047 -145
1048 -100
1049 -102
1050 -103
1051 -103
1052 -100
1053 -100
1054 -101
1055 -100
1056 -131
1057 -102
1058 -117
1059 -101
1060 -100
1061 -102
1062 -100
1063 -101
1064 -104
1065 -100
1066 -109
1067 -101
1068 -102
1069 -108
1070 -100
1071 -122
1072 -102
1073 -100
1074 -103
1075 -100
1076 -164
1077 -106
1078 -101
1079 -116
1080 -103
1081 -100
1082 -100
1083 -101
1084 -122
1085 -100
1086 -100
1087 -103
1088 -116
1089 -134
1090 -106
1091 -111
1092 -102
1093 -129
1094 -102
1095 -101
1096 -157
1097 -111
1098 -100
1099 -110
1100 -125
1101 -102
1102 -105
1103 -175
1104 -150
1105 -124
1106 -100
1107 -100
1108 -107
1109 -146
1110 -132
1111 -106
1112 -105
1113 -128
1114 -102
1115 -102
1116 -100
1117 -122
1118 -101
1119 -105
1120 -100
1121 -108
1122 -100
1123 -128
1124 -100
1125 -127
1126 -157
1127 -120
1128 -113
1129 -107
1130 -108
1131 -135
1132 -150
1133 -102
1134 -182
1135 -104
1136 -104
1137 -100
1138 -110
1139 -101
1140 -100
1141 -106
1142 -103
1143 -101
1144 -126
1145 -102
1146 -103
1147 -100
1148 -100
1149 -123
1150 -129
1151 -102
1152 -104
1153 -110
1154 -100
1155 -105
1156 -102
1157 -102
1158 -106
1159 -100
1160 -100
1161 -100
1162 -120
1163 -101
1164 -112
1165 -106
1166 -107
1167 -100
1168 -101
1169 -102
1170 -135
1171 -116
1172 -100
1173 -104
1174 -101
1175 -100
1176 -102
1177 -130
1178 -129
1179 -104
1180 -100
1181 -110
1182 -100
1183 -106
1184 -101
1185 -173
1186 -100
1187 -100
1188 -105
1189 -101
1190 -102
1191 -118
1192 -100
1193 -105
1194 -101
1195 -103
1196 -104
1197 -109
1198 -100
1199 -102
1200 -115
1201 -102
1202 -100
1203 -117
1204 -128
1205 -100
1206 -100
1207 -104
1208 -109
1209 -100
1210 -101
1211 -120
1212 -100
1213 -121
1214 -100
1215 -100
1216 -102
1217 -161
1218 -100
1219 -230
1220 -100
1221 -100
1222 -104
1223 -113
1224 -134
1225 -100
1226 -101
1227 -145
1228 -100
1229 -101
1230 -103
1231 -114
1232 -104
1233 -125
1234 -136
1235 -108
1236 -101
1237 -211
1238 -105
1239 -101
1240 -109
1241 -105
1242 -184
1243 -102
1244 -101
1245 -134
1246 -101
1247 -102
1248 -100
1249 -107
1250 -101
1251 -100
1252 -104
1253 -102
1254 -113
1255 -103
1256 -100
1257 -126
1258 -102
1259 -148
1260 -141
1261 -100
1262 -124
1263 -111
1264 -102
1265 -162
1266 -110
1267 -119
1268 -102
1269 -102
1270 -111
1271 -138
1272 -114
1273 -100
1274 -120
1275 -104
1276 -119
1277 -121
1278 -100
1279 -102
1280 -130
1281 -101
1282 -100
1283 -100
1284 -102
1285 -116
1286 -135
1287 -100
1288 -116
1289 -110
1290 -104
1291 -108
1292 -101
1293 -116
1294 -100
1295 -100
1296 -140
1297 -110
1298 -107
1299 -100
1300 -106
1301 -117
1302 -105
1303 -104
1304 -100
1305 -101
1306 -101
1307 -106
1308 -100
1309 -100
1310 -100
1311 -105
1312 -100
1313 -101
1314 -118
1315 -100
1316 -102
1317 -100
1318 -104
1319 -115
1320 -124
1321 -100
1322 -103
1323 -100
1324 -107
1325 -104
1326 -102
1327 -106
1328 -107
1329 -115
1330 -110
1331 -100
1332 -101
1333 -101
1334 -108
1335 -120
1336 -104
1337 -123
1338 -102
1339 -101
1340 -101
1341 -106
1342 -106
1343 -104
1344 -104
1345 -101
1346 -102
1347 -100
1348 -100
1349 -109
1350 -101
1351 -100
1352 -100
1353 -107
1354 -101
1355 -127
1356 -100
1357 -102
1358 -119
1359 -130
1360 -103
1361 -103
1362 -131
1363 -114
1364 -100
1365 -106
1366 -100
1367 -140
1368 -115
1369 -123
1370 -100
1371 -104
1372 -103
1373 -134
1374 -100
1375 -102
1376 -102
1377 -103
1378 -103
1379 -145
1380 -107
1381 -119
1382 -101
1383 -102
1384 -105
1385 -100
1386 -100
1387 -111
1388 -100
1389 -117
1390 -101
1391 -102
1392 -102
1393 -102
1394 -105
1395 -101
1396 -102
1397 -106
1398 -100
1399 -104
1400 -104
1401 -121
1402 -104
1403 -133
1404 -109
1405 -100
1406 -100
1407 -145
1408 -102
1409 -100
1410 -114
1411 -125
1412 -109
1413 -100
1414 -112
1415 -102
1416 -101
1417 -102
1418 -111
1419 -111
1420 -100
1421 -66
1422 -110
1423 -101
1424 -158
1425 -104
1426 -103
1427 -113
1428 -107
1429 -125
1430 -111
1431 -139
1432 -108
1433 -102
1434 -100
1435 -101
1436 -101
1437 -102
1438 -114
1439 -108
1440 -101
1441 -103
1442 -104
1443 -100
1444 -100
1445 -152
1446 -102
1447 -121
1448 -100
1449 -113
1450 -100
1451 -100
1452 -100
1453 -100
1454 -103
1455 -101
1456 -100
1457 -102
1458 -103
1459 -107
1460 -102
1461 -106
1462 -100
1463 -100
1464 -106
1465 -102
1466 -104
1467 -105
1468 -100
1469 -105
1470 -108
1471 -102
1472 -113
1473 -102
1474 -107
1475 -100
1476 -106
1477 -105
1478 -100
1479 -101
1480 -131
1481 -111
1482 -103
1483 -100
1484 -125
1485 -124
1486 -102
1487 -100
1488 -106
1489 -100
1490 -117
1491 -101
1492 -136
1493 -123
1494 -112
1495 -101
1496 -102
1497 -102
1498 -103
1499 -100
1500 -115
1501 -100
1502 -102
1503 -103
1504 -104
1505 -102
1506 -124
1507 -107
1508 -107
1509 -103
1510 -143
1511 -107
1512 -164
1513 -101
1514 -103
1515 -100
1516 -132
1517 -105
1518 -100
1519 -102
1520 -128
1521 -102
1522 -121
1523 -120
1524 -100
1525 -138
1526 -112
1527 -101
1528 -128
1529 -124
1530 -102
1531 -102
1532 -125
1533 -102
1534 -100
1535 -120
1536 -100
1537 -219
1538 -127
1539 -100
1540 -109
1541 -100
1542 -107
1543 -100
1544 -143
1545 -109
1546 -126
1547 -105
1548 -103
1549 -107
1550 -102
1551 -145
1552 -102
1553 -103
1554 -132
1555 -136
1556 -110
1557 -102
1558 -100
1559 -141
1560 -109
1561 -110
1562 -104
1563 -102
1564 -100
1565 -100
1566 -118
1567 -106
1568 -197
1569 -131
1570 -105
1571 -100
1572 -107
1573 -117
1574 -100
1575 -118
1576 -128
1577 -107
1578 -100
1579 -125
1580 -100
1581 -101
1582 -102
1583 -108
1584 -107
1585 -100
1586 -102
1587 -150
1588 -106
1589 -109
1590 -128
1591 -101
1592 -100
1593 -104
1594 -106
1595 -120
1596 -100
1597 -100
1598 -124
1599 -111
1600 -100
1601 -110
1602 -107
1603 -102
1604 -111
1605 -101
1606 -180
1607 -102
1608 -120
1609 -110
1610 -138
1611 -138
1612 -100
1613 -100
1614 -101
1615 -121
1616 -100
1617 -102
1618 -100
1619 -102
1620 -100
1621 -100
1622 -100
1623 -116
1624 -102
1625 -100
1626 -100
1627 -100
1628 -255
1629 -100
1630 -100
1631 -121
1632 -100
1633 -100
1634 -109
1635 -108
1636 -100
1637 -100
1638 -100
1639 -102
1640 -103
1641 -106
1642 -100
1643 -100
1644 -105
1645 -111
1646 -146
1647 -102
1648 -101
1649 -108
1650 -103
1651 -129
1652 -107
1653 -148
1654 -160
1655 -100
1656 -104
1657 -100
1658 -102
1659 -128
1660 -102
1661 -105
1662 -101
1663 -113
1664 -107
1665 -104
1666 -100
1667 -100
1668 -103
1669 -100
1670 -100
1671 -104
1672 -101
1673 -145
1674 -100
1675 -103
1676 -129
1677 -107
1678 -126
1679 -104
1680 -128
1681 -105
1682 -108
1683 -101
1684 -110
1685 -100
1686 -106
1687 -100
1688 -108
1689 -103
1690 -116
1691 -100
1692 -101
1693 -103
1694 -100
1695 -103
1696 -103
1697 -106
1698 -142
1699 -112
1700 -110
1701 -108
1702 -102
1703 -100
1704 -108
1705 -144
1706 -100
1707 -103
1708 -102
1709 -162
1710 -104
1711 -103
1712 -102
1713 -100
1714 -132
1715 -107
1716 -150
1717 -106
1718 -100
1719 -151
1720 -100
1721 -101
1722 -104
1723 -104
1724 -138
1725 -106
1726 -140
1727 -110
1728 -100
1729 -114
1730 -100
1731 -103
1732 -137
1733 -168
1734 -102
1735 -107
1736 -106
1737 -100
1738 -100
1739 -101
1740 -156
1741 -100
1742 -119
1743 -102
1744 -100
1745 -104
1746 -100
1747 -102
1748 -104
1749 -103
1750 -100
1751 -109
1752 -100
1753 -101
1754 -100
1755 -102
1756 -102
1757 -100
1758 -100
1759 -102
1760 -107
1761 -100
1762 -102
1763 -103
1764 -102
1765 -108
1766 -111
1767 -140
1768 -103
1769 -102
1770 -100
1771 -100
1772 -100
1773 -139
1774 -100
1775 -100
1776 -141
1777 -102
1778 -131
1779 -100
1780 -100
1781 -105
1782 -100
1783 -101
1784 -117
1785 -100
1786 -135
1787 -106
1788 -102
1789 -108
1790 -101
1791 -123
1792 -170
1793 -101
1794 -103
1795 -157
1796 -104
1797 -100
1798 -104
1799 -100
1800 -104
1801 -102
1802 -100
1803 -111
1804 -101
1805 -142
1806 -133
1807 -100
1808 -100
1809 -128
1810 -100
1811 -110
1812 -118
1813 -101
1814 -100
1815 -101
1816 -135
1817 -106
1818 -104
1819 -100
1820 -119
1821 -100
1822 -100
1823 -100
1824 -100
1825 -101
1826 -121
1827 -100
1828 -102
1829 -166
1830 -101
1831 -119
1832 -100
1833 -102
1834 -102
1835 -102
1836 -100
1837 -100
1838 -101
1839 -104
1840 -101
1841 -101
1842 -110
1843 -125
1844 -100
1845 -107
1846 -102
1847 -168
1848 -112
1849 -103
1850 -119
1851 -100
1852 -106
1853 -101
1854 -100
1855 -122
1856 -111
1857 -107
1858 -100
1859 -102
1860 -105
1861 -107
1862 -100
1863 -102
1864 -100
1865 -114
1866 -104
1867 -120
1868 -126
1869 -109
1870 -160
1871 -103
1872 -100
1873 -102
1874 -139
1875 -103
1876 -125
1877 -105
1878 -104
1879 -106
1880 -101
1881 -104
1882 -100
1883 -102
1884 -126
1885 -100
1886 -101
1887 -104
1888 -100
1889 -109
1890 -150
1891 -100
1892 -101
1893 -157
1894 -131
1895 -119
1896 -103
1897 -100
1898 -102
1899 -146
1900 -100
1901 -103
1902 -100
1903 -106
1904 -107
1905 -101
1906 -100
1907 -104
1908 -100
1909 -104
1910 -150
1911 -111
1912 -122
1913 -110
1914 -100
1915 -113
1916 -100
1917 -100
1918 -100
1919 -100
1920 -101
1921 -102
1922 -120
1923 -143
1924 -110
1925 -123
1926 -122
1927 -100
1928 -102
1929 -100
1930 -126
1931 -132
1932 -103
1933 -197
1934 -103
1935 -116
1936 -102
1937 -103
1938 -103
1939 -137
1940 -115
1941 -100
1942 -100
1943 -102
1944 -103
1945 -101
1946 -100
1947 -108
1948 -100
1949 -107
1950 -102
1951 -100
1952 -100
1953 -101
1954 -113
1955 -103
1956 -100
1957 -100
1958 -100
1959 -101
1960 -100
1961 -102
1962 -173
1963 -127
1964 -167
1965 -144
1966 -101
1967 -118
1968 -100
1969 -100
1970 -137
1971 -102
1972 -101
1973 -101
1974 -100
1975 -121
1976 -102
1977 -118
1978 -104
1979 -102
1980 -129
1981 -151
1982 -197
1983 -107
1984 -103
1985 -116
1986 -101
1987 -101
1988 -137
1989 -133
1990 -101
1991 -102
1992 -102
1993 -108
1994 -115
1995 -101
1996 -128
1997 -100
1998 -101
1999 -100
2000 -102
2001 -111
2002 -127
2003 -101
2004 -128
2005 -100
2006 -136
2007 -106
2008 -100
2009 -100
2010 -103
2011 -113
2012 -105
2013 -129
2014 -101
2015 -117
2016 -159
2017 -101
2018 -101
2019 -182
2020 -102
2021 -124
2022 -101
2023 -103
2024 -100
2025 -109
2026 -100
2027 -100
2028 -116
2029 -102
2030 -101
2031 -102
2032 -107
2033 -116
2034 -101
2035 -112
2036 -101
2037 -100
2038 -100
2039 -105
2040 -108
2041 -137
2042 -104
2043 -101
2044 -109
2045 -101
2046 -100
2047 -100
2048 -101
2049 -100
2050 -100
2051 -129
2052 -101
2053 -106
2054 -117
2055 -102
2056 -106
2057 -102
2058 -100
2059 -101
2060 -101
2061 -104
2062 -101
2063 -100
2064 -103
2065 -100
2066 -120
2067 -119
2068 -105
2069 -100
2070 -101
2071 -110
2072 -100
2073 -102
2074 -123
2075 -103
2076 -159
2077 -101
2078 -102
2079 -100
2080 -103
2081 -119
2082 -117
2083 -137
2084 -109
2085 -112
2086 -126
2087 -108
2088 -165
2089 -103
2090 -100
2091 -102
2092 -101
2093 -110
2094 -112
2095 -103
2096 -108
2097 -100
2098 -100
2099 -101
2100 -109
2101 -176
2102 -101
2103 -101
2104 -100
2105 -143
2106 -100
2107 -102
2108 -108
2109 -115
2110 -132
2111 -107
2112 -101
2113 -139
2114 -109
2115 -102
2116 -100
2117 -103
2118 -103
2119 -104
2120 -100
2121 -111
2122 -108
2123 -103
2124 -100
2125 -105
2126 -100
2127 -100
2128 -131
2129 -101
2130 -101
2131 -109
2132 -100
2133 -100
2134 -100
2135 -104
2136 -101
2137 -103
2138 -100
2139 -108
2140 -103
2141 -101
2142 -122
2143 -101
2144 -102
2145 -102
2146 -153
2147 -100
2148 -110
2149 -129
2150 -100
2151 -100
2152 -102
2153 -100
2154 -100
2155 -108
2156 -117
2157 -102
2158 -102
2159 -111
2160 -100
2161 -111
2162 -170
2163 -129
2164 -100
2165 -100
2166 -101
2167 -131
2168 -100
2169 -100
2170 -137
2171 -101
2172 -101
2173 -122
2174 -103
2175 -118
2176 -132
2177 -105
2178 -124
2179 -100
2180 -102
2181 -102
2182 -100
2183 -124
2184 -102
2185 -100
2186 -134
2187 -102
2188 -110
2189 -101
2190 -100
2191 -102
2192 -100
2193 -100
2194 -104
2195 -186
2196 -106
2197 -100
2198 -103
2199 -100
2200 -104
2201 -123
2202 -108
2203 -106
2204 -101
2205 -102
2206 -103
2207 -124
2208 -100
2209 -100
2210 -120
2211 -101
2212 -102
2213 -105
2214 -105
2215 -101
2216 -100
2217 -103
2218 -101
2219 -100
2220 -100
2221 -100
2222 -209
2223 -100
2224 -103
2225 -100
2226 -115
2227 -101
2228 -108
2229 -101
2230 -100
2231 -102
2232 -100
2233 -102
2234 -105
2235 -101
2236 -101
2237 -107
2238 -104
2239 -105
2240 -112
2241 -100
2242 -102
2243 -107
2244 -102
2245 -102
2246 -109
2247 -101
2248 -110
2249 -101
2250 -100
2251 -154
2252 -100
2253 -107
2254 -117
2255 -125
2256 -101
2257 -100
2258 -102
2259 -134
2260 -102
2261 -103
2262 -100
2263 -102
2264 -126
2265 -101
2266 -104
2267 -127
2268 -111
2269 -103
2270 -101
2271 -134
2272 -100
2273 -102
2274 -104
2275 -101
2276 -101
2277 -103
2278 -100
2279 -117
2280 -101
2281 -107
2282 -104
2283 -101
2284 -100
2285 -111
2286 -102
2287 -107
2288 -113
2289 -121
2290 -100
2291 -100
2292 -118
2293 -100
2294 -102
2295 -124
2296 -108
2297 -106
2298 -100
2299 -102
2300 -103
2301 -101
2302 -101
2303 -101
2304 -100
2305 -150
2306 -112
2307 -175
2308 -100
2309 -105
2310 -100
2311 -105
2312 -101
2313 -110
2314 -101
2315 -101
2316 -101
2317 -100
2318 -104
2319 -106
2320 -100
2321 -100
2322 -114
2323 -100
2324 -108
2325 -103
2326 -102
2327 -100
2328 -102
2329 -101
2330 -132
2331 -113
2332 -103
2333 -101
2334 -100
2335 -111
2336 -113
2337 -100
2338 -100
2339 -100
2340 -106
2341 -104
2342 -100
2343 -100
2344 -107
2345 -104
2346 -101
2347 -108
2348 -103
2349 -101
2350 -102
2351 -105
2352 -103
2353 -100
2354 -101
2355 -101
2356 -104
2357 -102
2358 -101
2359 -100
2360 -101
2361 -100
2362 -104
2363 -103
2364 -100
2365 -101
2366 -102
2367 -106
2368 -106
2369 -100
2370 -100
2371 -104
2372 -107
2373 -140
2374 -106
2375 -117
2376 -151
2377 -104
2378 -102
2379 -100
2380 -100
2381 -113
2382 -100
2383 -100
2384 -127
2385 -100
2386 -103
2387 -100
2388 -111
2389 -105
2390 -101
2391 -102
2392 -100
2393 -130
2394 -100
2395 -100
2396 -102
2397 -102
2398 -104
2399 -100
2400 -101
2401 -106
2402 -117
2403 -100
2404 -104
2405 -100
2406 -102
2407 -106
2408 -100
2409 -117
2410 -116
2411 -143
2412 -160
2413 -102
2414 -100
2415 -100
2416 -102
2417 -104
2418 -100
2419 -100
2420 -100
2421 -168
2422 -100
2423 -100
2424 -179
2425 -100
2426 -100
2427 -169
2428 -106
2429 -102
2430 -102
2431 -107
2432 -100
2433 -100
2434 -106
2435 -109
2436 -103
2437 -100
2438 -101
2439 -155
2440 -100
2441 -109
2442 -109
2443 -101
2444 -100
2445 -102
2446 -101
2447 -104
2448 -141
2449 -104
2450 -100
2451 -114
2452 -129
2453 -110
2454 -100
2455 -111
2456 -105
2457 -103
2458 -101
2459 -102
2460 -126
2461 -143
2462 -108
2463 -100
2464 -101
2465 -111
2466 -116
2467 -100
2468 -100
2469 -100
2470 -110
2471 -100
2472 -117
2473 -112
2474 -130
2475 -108
2476 -102
2477 -103
2478 -101
2479 -100
2480 -101
2481 -142
2482 -100
2483 -100
2484 -100
2485 -100
2486 -100
2487 -103
2488 -100
2489 -111
2490 -106
2491 -100
2492 -100
2493 -146
2494 -107
2495 -130
2496 -101
2497 -62
2498 -102
2499 -100
2500 -102
2501 -102
2502 -121
2503 -100
2504 -133
2505 -101
2506 -100
2507 -110
2508 -134
2509 -103
2510 -100
2511 -144
2512 -102
2513 -103
2514 -100
2515 -100
2516 -100
2517 -110
2518 -101
2519 -101
2520 -118
2521 -100
2522 -102
2523 -100
2524 -110
2525 -139
2526 -101
2527 -152
2528 -100
2529 -103
2530 -146
2531 -120
2532 -125
2533 -103
2534 -100
2535 -100
2536 -100
2537 -123
2538 -106
2539 -112
2540 -101
2541 -101
2542 -101
2543 -100
2544 -109
2545 -101
2546 -104
2547 -100
2548 -100
2549 -112
2550 -100
2551 -102
2552 -125
2553 -100
2554 -105
2555 -101
2556 -101
2557 -100
2558 -100
2559 -155
2560 -101
2561 -100
2562 -120
2563 -104
2564 -101
2565 -129
2566 -126
2567 -100
2568 -102
2569 -110
2570 -106
2571 -107
2572 -102
2573 -101
2574 -103
2575 -156
2576 -101
2577 -100
2578 -115
2579 -101
2580 -100
2581 -101
2582 -100
2583 -102
2584 -100
2585 -100
2586 -106
2587 -103
2588 -101
2589 -101
2590 -101
2591 -100
2592 -174
2593 -104
2594 -144
2595 -111
2596 -101
2597 -101
2598 -102
2599 -101
2600 -123
2601 -100
2602 -102
2603 -110
2604 -102
2605 -101
2606 -101
2607 -106
2608 -100
2609 -100
2610 -100
2611 -105
2612 -100
2613 -117
2614 -100
2615 -100
2616 -103
2617 -100
2618 -126
2619 -103
2620 -120
2621 -100
2622 -169
2623 -100
2624 -104
2625 -104
2626 -127
2627 -100
2628 -101
2629 -101
2630 -118
2631 -100
2632 -103
2633 -109
2634 -100
2635 -117
2636 -142
2637 -101
2638 -107
2639 -113
2640 -148
2641 -109
2642 -112
2643 -124
2644 -113
2645 -110
2646 -114
2647 -105
2648 -101
2649 -103
2650 -103
2651 -100
2652 -104
2653 -100
2654 -101
2655 -142
2656 -100
2657 -100
2658 -112
2659 -119
2660 -147
2661 -105
2662 -102
2663 -113
2664 -105
2665 -100
2666 -217
2667 -100
2668 -117
2669 -101
2670 -107
2671 -100
2672 -102
2673 -108
2674 -110
2675 -138
2676 -101
2677 -102
2678 -107
2679 -111
2680 -122
2681 -102
2682 -100
2683 -125
2684 -114
2685 -100
2686 -127
2687 -182
2688 -129
2689 -108
2690 -100
2691 -144
2692 -103
2693 -100
2694 -100
2695 -118
2696 -122
2697 -100
2698 -100
2699 -100
2700 -103
2701 -105
2702 -101
2703 -137
2704 -162
2705 -100
2706 -100
2707 -101
2708 -100
2709 -110
2710 -125
2711 -112
2712 -101
2713 -103
2714 -107
2715 -100
2716 -100
2717 -100
2718 -130
2719 -100
2720 -103
2721 -100
2722 -105
2723 -104
2724 -120
2725 -102
2726 -102
2727 -135
2728 -114
2729 -104
2730 -101
2731 -100
2732 -104
2733 -100
2734 -100
2735 -105
2736 -103
2737 -152
2738 -102
2739 -100
2740 -117
2741 -100
2742 -103
2743 -113
2744 -109
2745 -100
2746 -126
2747 -100
2748 -117
2749 -101
2750 -139
2751 -107
2752 -100
2753 -102
2754 -174
2755 -100
2756 -137
2757 -109
2758 -103
2759 -142
2760 -112
2761 -105
2762 -113
2763 -102
2764 -100
2765 -121
2766 -121
2767 -101
2768 -102
2769 -106
2770 -100
2771 -104
2772 -100
2773 -104
2774 -103
2775 -100
2776 -104
2777 -100
2778 -102
2779 -102
2780 -104
2781 -103
2782 -109
2783 -100
2784 -100
2785 -107
2786 -181
2787 -131
2788 -112
2789 -112
2790 -102
2791 -112
2792 -100
2793 -104
2794 -100
2795 -106
2796 -104
2797 -100
2798 -101
2799 -106
2800 -104
2801 -136
2802 -136
2803 -107
2804 -202
2805 -101
2806 -101
2807 -100
2808 -101
2809 -106
2810 -101
2811 -103
2812 -100
2813 -103
2814 -100
2815 -114
2816 -100
2817 -128
2818 -108
2819 -101
2820 -100
2821 -124
2822 -109
2823 -124
2824 -100
2825 -152
2826 -101
2827 -100
2828 -150
2829 -112
2830 -118
2831 -100
2832 -103
2833 -100
2834 -107
2835 -127
2836 -100
2837 -122
2838 -101
2839 -100
2840 -101
2841 -114
2842 -105
2843 -102
2844 -105
2845 -111
2846 -115
2847 -113
2848 -101
2849 -100
2850 -114
2851 -100
2852 -100
2853 -130
2854 -116
2855 -101
2856 -106
2857 -110
2858 -108
2859 -100
2860 -101
2861 -100
2862 -105
2863 -100
2864 -100
2865 -103
2866 -100
2867 -101
2868 -112
2869 -106
2870 -100
2871 -100
2872 -109
2873 -115
2874 -100
2875 -105
2876 -56
2877 -119
2878 -103
2879 -105
2880 -106
2881 -130
2882 -100
2883 -102
2884 -101
2885 -129
2886 -101
2887 -104
2888 -100
2889 -129
2890 -116
2891 -108
2892 -134
2893 -135
2894 -101
2895 -102
2896 -127
2897 -101
2898 -100
2899 -156
2900 -100
2901 -107
2902 -100
2903 -103
2904 -101
2905 -120
2906 -100
2907 -126
2908 -100
2909 -100
2910 -100
2911 -105
2912 -100
2913 -100
2914 -116
2915 -100
2916 -103
2917 -116
2918 -100
2919 -112
2920 -100
2921 -100
2922 -124
2923 -102
2924 -102
2925 -102
2926 -162
2927 -100
2928 -134
2929 -104
2930 -105
2931 -106
2932 -100
2933 -116
2934 -103
2935 -107
2936 -101
2937 -113
2938 -109
2939 -100
2940 -100
2941 -162
2942 -101
2943 -104
2944 -100
2945 -100
2946 -102
2947 -100
2948 -100
2949 -107
2950 -102
2951 -101
2952 -100
2953 -105
2954 -101
2955 -104
2956 -101
2957 -103
2958 -129
2959 -100
2960 -104
2961 -104
2962 -119
2963 -100
2964 -102
2965 -169
2966 -106
2967 -100
2968 -103
2969 -100
2970 -101
2971 -101
2972 -100
2973 -100
2974 -100
2975 -100
2976 -106
2977 -112
2978 -101
2979 -107
2980 -100
2981 -100
2982 -101
2983 -104
2984 -103
2985 -106
2986 -100
2987 -102
2988 -101
2989 -100
2990 -100
2991 -102
2992 -133
2993 -104
2994 -116
2995 -105
2996 -101
2997 -100
2998 -107
2999 -118
